#SUBENT      L0032017
#AUTHORS     H.Beil, R.Bergere, P.Carlos, A.Lepretre, 
#+           A.DeMiniac, A.Veyssiere
#REFERENCE   Nuclear Physics, Section A Vol.227, p.427
#YEAR        1974
#TITLE       A study of the photoneutron contribution to the giant
#+           dipole resonance in doubly even Mo isotopes
#REACTION    (42-MO-100(G,N)42-MO-99,,SIG)+(42-MO-100(G,N+P)41-NB-98,,SIG)
#QUANTITY    Cross section
#SUBP       L0032017 
# Energy (eV) Cross section (b)
8.33e+06 0.0112
8.6e+06 0.0113
8.87e+06 0.0134
9.14e+06 0.0219
9.41e+06 0.0239
9.68e+06 0.0239
9.95e+06 0.0236
1.022e+07 0.0255
1.05e+07 0.0361
1.077e+07 0.0264
1.104e+07 0.0365
1.131e+07 0.0444
1.158e+07 0.0511
1.185e+07 0.0602
1.212e+07 0.0747
1.239e+07 0.0839
1.266e+07 0.0918
1.293e+07 0.1026
1.321e+07 0.1133
1.348e+07 0.1253
1.375e+07 0.127
1.402e+07 0.1415
1.429e+07 0.1634
1.456e+07 0.1523
1.483e+07 0.1473
1.51e+07 0.1303
1.537e+07 0.1215
1.564e+07 0.103
1.592e+07 0.0974
1.619e+07 0.0812
1.646e+07 0.067
1.8e+07 0.0530084
1.8728e+07 0.0429548
1.9456e+07 0.0348079
2.0184e+07 0.0282062
2.0912e+07 0.0228566
2.164e+07 0.0185216
2.2368e+07 0.0150088
2.3096e+07 0.0121622
2.3824e+07 0.0098555
2.4552e+07 0.0079863
2.528e+07 0.00647161
2.6008e+07 0.0052442
2.6736e+07 0.00424958
2.7464e+07 0.0034436
2.8192e+07 0.00279048
2.892e+07 0.00226124
2.9648e+07 0.00183237
3.0376e+07 0.00148484
3.1104e+07 0.00120322
3.1832e+07 0.000975019
3.256e+07 0.000790096
3.3288e+07 0.000640246
3.4016e+07 0.000518816
3.4744e+07 0.000420417
3.5472e+07 0.00034068
3.62e+07 0.000276067
3.6928e+07 0.000223707
3.7656e+07 0.000181279
3.8384e+07 0.000146897
3.9112e+07 0.000119037
3.984e+07 9.64601e-05
4.0568e+07 7.81653e-05
4.1296e+07 6.33404e-05
4.2024e+07 5.13272e-05
4.2752e+07 4.15925e-05
4.348e+07 3.3704e-05
4.4208e+07 2.73117e-05
4.4936e+07 2.21317e-05
4.5664e+07 1.79342e-05
4.6392e+07 1.45328e-05
4.712e+07 1.17765e-05
4.7848e+07 9.54293e-06
4.8576e+07 7.73301e-06
4.9304e+07 6.26636e-06
5.0032e+07 5.07788e-06
5.076e+07 4.1148e-06
5.1488e+07 3.33438e-06
5.2216e+07 2.70198e-06
5.2944e+07 2.18952e-06
5.3672e+07 1.77425e-06
5.44e+07 1.43775e-06
5.5128e+07 1.16506e-06
5.5856e+07 9.44096e-07
5.6584e+07 7.65038e-07
5.7312e+07 6.1994e-07
5.804e+07 5.02362e-07
5.8768e+07 4.07083e-07
5.9496e+07 3.29875e-07
6.0224e+07 2.67311e-07
6.0952e+07 2.16612e-07
6.168e+07 1.7553e-07
6.2408e+07 1.42238e-07
6.3136e+07 1.15261e-07
6.3864e+07 9.34008e-08
6.4592e+07 7.56863e-08
6.532e+07 6.13316e-08
6.6048e+07 4.96994e-08
6.6776e+07 4.02733e-08
6.7504e+07 3.26351e-08
6.8232e+07 2.64455e-08
6.896e+07 2.14298e-08
6.9688e+07 1.73654e-08
7.0416e+07 1.40719e-08
7.1144e+07 1.1403e-08
7.1872e+07 9.24027e-09
7.26e+07 7.48775e-09
7.3328e+07 6.06762e-09
7.4056e+07 4.91683e-09
7.4784e+07 3.9843e-09
7.5512e+07 3.22863e-09
7.624e+07 2.61629e-09
7.6968e+07 2.12008e-09
7.7696e+07 1.71798e-09
7.8424e+07 1.39215e-09
7.9152e+07 1.12811e-09
7.988e+07 9.14154e-10
8.0608e+07 7.40774e-10
8.1336e+07 6.00278e-10
8.2064e+07 4.86429e-10
8.2792e+07 3.94172e-10
8.352e+07 3.19413e-10
8.4248e+07 2.58833e-10
8.4976e+07 2.09743e-10
8.5704e+07 1.69963e-10
8.6432e+07 1.37727e-10
8.716e+07 1.11606e-10
8.7888e+07 9.04385e-11
8.8616e+07 7.32859e-11
8.9344e+07 5.93864e-11
9.0072e+07 4.81231e-11
9.08e+07 3.8996e-11
9.1528e+07 3.16e-11
9.2256e+07 2.56067e-11
9.2984e+07 2.07501e-11
9.3712e+07 1.68146e-11
9.444e+07 1.36256e-11
9.5168e+07 1.10413e-11
9.5896e+07 8.94721e-12
9.6624e+07 7.25028e-12
9.7352e+07 5.87518e-12
9.808e+07 4.76089e-12
9.8808e+07 3.85793e-12
9.9536e+07 3.12624e-12
1.00264e+08 2.53331e-12
1.00992e+08 2.05284e-12
1.0172e+08 1.6635e-12
1.02448e+08 1.348e-12
1.03176e+08 1.09233e-12
1.03904e+08 8.85161e-13
1.04632e+08 7.1728e-13
1.0536e+08 5.8124e-13
1.06088e+08 4.71002e-13
1.06816e+08 3.81671e-13
1.07544e+08 3.09283e-13
1.08272e+08 2.50624e-13
1.09e+08 2.0309e-13
1.09728e+08 1.64572e-13
1.10456e+08 1.33359e-13
1.11184e+08 1.08066e-13
1.11912e+08 8.75702e-14
1.1264e+08 7.09616e-14
1.13368e+08 5.75029e-14
1.14096e+08 4.65969e-14
1.14824e+08 3.77593e-14
1.15552e+08 3.05978e-14
1.1628e+08 2.47946e-14
1.17008e+08 2.0092e-14
1.17736e+08 1.62814e-14
1.18464e+08 1.31934e-14
1.19192e+08 1.06911e-14
1.1992e+08 8.66345e-15
1.20648e+08 7.02033e-15
1.21376e+08 5.68885e-15
1.22104e+08 4.6099e-15
1.22832e+08 3.73558e-15
1.2356e+08 3.02708e-15
1.24288e+08 2.45297e-15
1.25016e+08 1.98773e-15
1.25744e+08 1.61074e-15
1.26472e+08 1.30524e-15
1.272e+08 1.05769e-15
1.27928e+08 8.57087e-16
1.28656e+08 6.94531e-16
1.29384e+08 5.62806e-16
1.30112e+08 4.56064e-16
1.3084e+08 3.69566e-16
1.31568e+08 2.99474e-16
1.32296e+08 2.42675e-16
1.33024e+08 1.96649e-16
1.33752e+08 1.59353e-16
1.3448e+08 1.2913e-16
1.35208e+08 1.04639e-16
1.35936e+08 8.47929e-17
1.36664e+08 6.8711e-17
1.37392e+08 5.56792e-17
1.3812e+08 4.5119e-17
1.38848e+08 3.65617e-17
1.39576e+08 2.96274e-17
1.40304e+08 2.40082e-17
1.41032e+08 1.94548e-17
1.4176e+08 1.5765e-17
1.42488e+08 1.2775e-17
1.43216e+08 1.03521e-17
1.43944e+08 8.38868e-18
1.44672e+08 6.79768e-18
1.454e+08 5.50842e-18
1.46128e+08 4.46369e-18
1.46856e+08 3.6171e-18
1.47584e+08 2.93108e-18
1.48312e+08 2.37517e-18
1.4904e+08 1.92469e-18
1.49768e+08 1.55965e-18
1.50496e+08 1.26385e-18
1.51224e+08 1.02414e-18
1.51952e+08 8.29905e-19
1.5268e+08 6.72504e-19
1.53408e+08 5.44956e-19
1.54136e+08 4.41599e-19
1.54864e+08 3.57845e-19
1.55592e+08 2.89976e-19
1.5632e+08 2.34979e-19
1.57048e+08 1.90412e-19
1.57776e+08 1.54299e-19
1.58504e+08 1.25034e-19
1.59232e+08 1.0132e-19
1.5996e+08 8.21037e-20
1.60688e+08 6.65318e-20
1.61416e+08 5.39133e-20
1.62144e+08 4.36881e-20
1.62872e+08 3.54021e-20
1.636e+08 2.86877e-20
1.64328e+08 2.32468e-20
1.65056e+08 1.88378e-20
1.65784e+08 1.5265e-20
1.66512e+08 1.23698e-20
1.6724e+08 1.00237e-20
1.67968e+08 8.12263e-21
1.68696e+08 6.58209e-21
1.69424e+08 5.33372e-21
1.70152e+08 4.32212e-21
1.7088e+08 3.50238e-21
1.71608e+08 2.83812e-21
1.72336e+08 2.29984e-21
1.73064e+08 1.86365e-21
1.73792e+08 1.51019e-21
1.7452e+08 1.22376e-21
1.75248e+08 9.91664e-22
1.75976e+08 8.03584e-22
1.76704e+08 6.51175e-22
1.77432e+08 5.27673e-22
1.7816e+08 4.27594e-22
1.78888e+08 3.46496e-22
1.79616e+08 2.80779e-22
1.80344e+08 2.27526e-22
1.81072e+08 1.84373e-22
1.818e+08 1.49405e-22
1.82528e+08 1.21069e-22
1.83256e+08 9.81067e-23
1.83984e+08 7.94997e-23
1.84712e+08 6.44217e-23
1.8544e+08 5.22034e-23
1.86168e+08 4.23025e-23
1.86896e+08 3.42793e-23
1.87624e+08 2.77779e-23
1.88352e+08 2.25095e-23
1.8908e+08 1.82403e-23
1.89808e+08 1.47809e-23
1.90536e+08 1.19775e-23
1.91264e+08 9.70584e-24
1.91992e+08 7.86502e-24
1.9272e+08 6.37333e-24
1.93448e+08 5.16456e-24
1.94176e+08 4.18504e-24
1.94904e+08 3.3913e-24
1.95632e+08 2.74811e-24
1.9636e+08 2.2269e-24
1.97088e+08 1.80454e-24
1.97816e+08 1.46229e-24
1.98544e+08 1.18495e-24
1.99272e+08 9.60213e-25
2e+08 7.78098e-25
