#SUBENT      L0021003
#AUTHORS     A.Veyssiere, H.Beil, R.Bergere, P.Carlos, 
#+           A.Lepretre
#REFERENCE   Nuclear Physics, Section A Vol.159, p.561
#YEAR        1970
#TITLE       Photoneutron cross sections of 208Pb and 197Au.
#REACTION    (79-AU-197(G,N)79-AU-196,,SIG)+(79-AU-197(G,N+P)78-PT-195,,SIG)
#QUANTITY    Cross section
#SUBP       L0021003 
# Energy (eV) Cross section (b)
8.08e+06 0.0053
8.35e+06 0.0223
8.62e+06 0.0294
8.89e+06 0.0399
9.16e+06 0.0496
9.44e+06 0.0537
9.71e+06 0.0736
9.98e+06 0.0944
1.025e+07 0.0941
1.052e+07 0.1117
1.08e+07 0.1487
1.107e+07 0.1741
1.134e+07 0.2045
1.161e+07 0.2636
1.188e+07 0.3126
1.216e+07 0.3556
1.243e+07 0.4135
1.27e+07 0.4644
1.297e+07 0.5064
1.324e+07 0.5249
1.352e+07 0.5292
1.379e+07 0.5268
1.406e+07 0.5094
1.433e+07 0.4961
1.46e+07 0.457
1.488e+07 0.4207
1.542e+07 0.3252
1.569e+07 0.2762
1.596e+07 0.2317
1.624e+07 0.1991
1.651e+07 0.1662
1.678e+07 0.1171
1.705e+07 0.1031
1.732e+07 0.0906
1.76e+07 0.0795
1.787e+07 0.0697
1.814e+07 0.0613
1.841e+07 0.0542
1.868e+07 0.0483
1.896e+07 0.0436
1.923e+07 0.0399
1.95e+07 0.037
1.977e+07 0.035
2e+07 0.0277944
2.072e+07 0.020219
2.144e+07 0.0147083
2.216e+07 0.0106995
2.288e+07 0.00778334
2.36e+07 0.00566198
2.432e+07 0.0041188
2.504e+07 0.00299622
2.576e+07 0.00217959
2.648e+07 0.00158554
2.72e+07 0.0011534
2.792e+07 0.00083904
2.864e+07 0.000610358
2.936e+07 0.000444004
3.008e+07 0.00032299
3.08e+07 0.000234959
3.152e+07 0.00017092
3.224e+07 0.000124336
3.296e+07 9.04479e-05
3.368e+07 6.57962e-05
3.44e+07 4.78634e-05
3.512e+07 3.48181e-05
3.584e+07 2.53284e-05
3.656e+07 1.84251e-05
3.728e+07 1.34033e-05
3.8e+07 9.75023e-06
3.872e+07 7.09279e-06
3.944e+07 5.15964e-06
4.016e+07 3.75337e-06
4.088e+07 2.73039e-06
4.16e+07 1.98622e-06
4.232e+07 1.44487e-06
4.304e+07 1.05107e-06
4.376e+07 7.64598e-07
4.448e+07 5.56206e-07
4.52e+07 4.04611e-07
4.592e+07 2.94334e-07
4.664e+07 2.14113e-07
4.736e+07 1.55756e-07
4.808e+07 1.13305e-07
4.88e+07 8.24232e-08
4.952e+07 5.99586e-08
5.024e+07 4.36168e-08
5.096e+07 3.1729e-08
5.168e+07 2.30812e-08
5.24e+07 1.67904e-08
5.312e+07 1.22142e-08
5.384e+07 8.88517e-09
5.456e+07 6.4635e-09
5.528e+07 4.70187e-09
5.6e+07 3.42037e-09
5.672e+07 2.48814e-09
5.744e+07 1.80999e-09
5.816e+07 1.31668e-09
5.888e+07 9.57816e-10
5.96e+07 6.96762e-10
6.032e+07 5.06858e-10
6.104e+07 3.68713e-10
6.176e+07 2.6822e-10
6.248e+07 1.95116e-10
6.32e+07 1.41937e-10
6.392e+07 1.03252e-10
6.464e+07 7.51104e-11
6.536e+07 5.4639e-11
6.608e+07 3.97471e-11
6.68e+07 2.89139e-11
6.752e+07 2.10334e-11
6.824e+07 1.53007e-11
6.896e+07 1.11305e-11
6.968e+07 8.09686e-12
7.04e+07 5.89005e-12
7.112e+07 4.28471e-12
7.184e+07 3.1169e-12
7.256e+07 2.26739e-12
7.328e+07 1.64941e-12
7.4e+07 1.19986e-12
7.472e+07 8.72836e-13
7.544e+07 6.34943e-13
7.616e+07 4.61889e-13
7.688e+07 3.36e-13
7.76e+07 2.44423e-13
7.832e+07 1.77805e-13
7.904e+07 1.29344e-13
7.976e+07 9.40912e-14
8.048e+07 6.84465e-14
8.12e+07 4.97913e-14
8.192e+07 3.62206e-14
8.264e+07 2.63486e-14
8.336e+07 1.91673e-14
8.408e+07 1.39432e-14
8.48e+07 1.0143e-14
8.552e+07 7.37849e-15
8.624e+07 5.36747e-15
8.696e+07 3.90456e-15
8.768e+07 2.84037e-15
8.84e+07 2.06622e-15
8.912e+07 1.50307e-15
8.984e+07 1.09341e-15
9.056e+07 7.95396e-16
9.128e+07 5.7861e-16
9.2e+07 4.20909e-16
9.272e+07 3.0619e-16
9.344e+07 2.22737e-16
9.416e+07 1.6203e-16
9.488e+07 1.17868e-16
9.56e+07 8.57432e-17
9.632e+07 6.23738e-17
9.704e+07 4.53737e-17
9.776e+07 3.30071e-17
9.848e+07 2.40109e-17
9.92e+07 1.74667e-17
9.992e+07 1.27061e-17
1.0064e+08 9.24306e-18
1.0136e+08 6.72385e-18
1.0208e+08 4.89126e-18
1.028e+08 3.55814e-18
1.0352e+08 2.58836e-18
1.0424e+08 1.8829e-18
1.0496e+08 1.36971e-18
1.0568e+08 9.96396e-19
1.064e+08 7.24827e-19
1.0712e+08 5.27275e-19
1.0784e+08 3.83565e-19
1.0856e+08 2.79024e-19
1.0928e+08 2.02976e-19
1.1e+08 1.47654e-19
1.1072e+08 1.07411e-19
1.1144e+08 7.81359e-20
1.1216e+08 5.68399e-20
1.1288e+08 4.13481e-20
1.136e+08 3.00786e-20
1.1432e+08 2.18806e-20
1.1504e+08 1.5917e-20
1.1576e+08 1.15788e-20
1.1648e+08 8.423e-21
1.172e+08 6.1273e-21
1.1792e+08 4.4573e-21
1.1864e+08 3.24245e-21
1.1936e+08 2.35872e-21
1.2008e+08 1.71585e-21
1.208e+08 1.24819e-21
1.2152e+08 9.07994e-22
1.2224e+08 6.60519e-22
1.2296e+08 4.80494e-22
1.2368e+08 3.49534e-22
1.244e+08 2.54268e-22
1.2512e+08 1.84967e-22
1.2584e+08 1.34554e-22
1.2656e+08 9.78812e-23
1.2728e+08 7.12035e-23
1.28e+08 5.17969e-23
1.2872e+08 3.76796e-23
1.2944e+08 2.741e-23
1.3016e+08 1.99393e-23
1.3088e+08 1.45048e-23
1.316e+08 1.05515e-23
1.3232e+08 7.6757e-24
1.3304e+08 5.58367e-24
1.3376e+08 4.06184e-24
1.3448e+08 2.95478e-24
1.352e+08 2.14945e-24
1.3592e+08 1.56361e-24
1.3664e+08 1.13745e-24
1.3736e+08 8.27435e-25
1.3808e+08 6.01917e-25
1.388e+08 4.37863e-25
1.3952e+08 3.18523e-25
1.4024e+08 2.31709e-25
1.4096e+08 1.68557e-25
1.4168e+08 1.22616e-25
1.424e+08 8.9197e-26
1.4312e+08 6.48862e-26
1.4384e+08 4.72014e-26
1.4456e+08 3.43366e-26
1.4528e+08 2.49781e-26
1.46e+08 1.81703e-26
1.4672e+08 1.32179e-26
1.4744e+08 9.61538e-27
1.4816e+08 6.99469e-27
1.4888e+08 5.08828e-27
1.496e+08 3.70146e-27
1.5032e+08 2.69262e-27
1.5104e+08 1.95874e-27
1.5176e+08 1.42489e-27
1.5248e+08 1.03653e-27
1.532e+08 7.54023e-28
1.5392e+08 5.48513e-28
1.5464e+08 3.99015e-28
1.5536e+08 2.90263e-28
1.5608e+08 2.11151e-28
1.568e+08 1.53602e-28
1.5752e+08 1.11737e-28
1.5824e+08 8.12832e-29
1.5896e+08 5.91294e-29
1.5968e+08 4.30136e-29
1.604e+08 3.12902e-29
1.6112e+08 2.2762e-29
1.6184e+08 1.65582e-29
1.6256e+08 1.20452e-29
1.6328e+08 8.76228e-30
1.64e+08 6.37411e-30
1.6472e+08 4.63684e-30
1.6544e+08 3.37306e-30
1.6616e+08 2.45373e-30
1.6688e+08 1.78496e-30
1.676e+08 1.29847e-30
1.6832e+08 9.44568e-31
1.6904e+08 6.87125e-31
1.6976e+08 4.99848e-31
1.7048e+08 3.63614e-31
1.712e+08 2.6451e-31
1.7192e+08 1.92418e-31
1.7264e+08 1.39974e-31
1.7336e+08 1.01824e-31
1.7408e+08 7.40716e-32
1.748e+08 5.38833e-32
1.7552e+08 3.91973e-32
1.7624e+08 2.8514e-32
1.7696e+08 2.07425e-32
1.7768e+08 1.50891e-32
1.784e+08 1.09765e-32
1.7912e+08 7.98487e-33
1.7984e+08 5.80859e-33
1.8056e+08 4.22545e-33
1.8128e+08 3.0738e-33
1.82e+08 2.23603e-33
1.8272e+08 1.6266e-33
1.8344e+08 1.18326e-33
1.8416e+08 8.60764e-34
1.8488e+08 6.26162e-34
1.856e+08 4.55501e-34
1.8632e+08 3.31353e-34
1.8704e+08 2.41042e-34
1.8776e+08 1.75346e-34
1.8848e+08 1.27555e-34
1.892e+08 9.27898e-35
1.8992e+08 6.74998e-35
1.9064e+08 4.91027e-35
1.9136e+08 3.57197e-35
1.9208e+08 2.59842e-35
1.928e+08 1.89022e-35
1.9352e+08 1.37504e-35
1.9424e+08 1.00027e-35
1.9496e+08 7.27644e-36
1.9568e+08 5.29324e-36
1.964e+08 3.85056e-36
1.9712e+08 2.80108e-36
1.9784e+08 2.03764e-36
1.9856e+08 1.48228e-36
1.9928e+08 1.07828e-36
2e+08 7.84396e-37
