#SUBENT      G0033002
#AUTHORS     C.Plaisir, F.Hannachi, F.Gobet, M.Tarisien, 
#+           M.M.Aleonard, V.Meot, G.Gosselin, P.Morel, 
#+           B.Morillon
#REFERENCE   European Physical Journal A: Hadrons and Nuclei Vol.48, p.68
#YEAR        2012
#TITLE       Measurement of the 85Rb(g,n)84mRb cross-section in the
#+           energy range 10-19 MeV with bremsstrahlung photons
#REACTION    79-AU-197(G,N)79-AU-196,,SIG
#QUANTITY    Cross section
#SUBP       G0033002 
# Energy (eV) Cross section (b)
1e+07 0.0958
1.01e+07 0.102
1.02e+07 0.1087
1.03e+07 0.1159
1.04e+07 0.1236
1.05e+07 0.132
1.06e+07 0.141
1.07e+07 0.1507
1.08e+07 0.1611
1.09e+07 0.1723
1.1e+07 0.1843
1.11e+07 0.1971
1.12e+07 0.2109
1.13e+07 0.2255
1.14e+07 0.241
1.15e+07 0.2574
1.16e+07 0.2747
1.17e+07 0.2927
1.18e+07 0.3113
1.19e+07 0.3304
1.2e+07 0.3498
1.21e+07 0.3693
1.22e+07 0.3885
1.23e+07 0.4073
1.24e+07 0.4253
1.25e+07 0.4423
1.26e+07 0.458
1.27e+07 0.4723
1.28e+07 0.485
1.29e+07 0.4962
1.3e+07 0.5058
1.31e+07 0.514
1.32e+07 0.5207
1.33e+07 0.526
1.34e+07 0.5296
1.35e+07 0.5313
1.36e+07 0.5304
1.37e+07 0.5264
1.38e+07 0.5186
1.39e+07 0.5069
1.4e+07 0.4911
1.41e+07 0.4719
1.42e+07 0.45
1.43e+07 0.4264
1.44e+07 0.4021
1.45e+07 0.3777
1.46e+07 0.3541
1.47e+07 0.3316
1.48e+07 0.3104
1.49e+07 0.2906
1.5e+07 0.2723
1.51e+07 0.2555
1.52e+07 0.24
1.53e+07 0.2258
1.54e+07 0.2128
1.55e+07 0.2008
1.56e+07 0.1898
1.57e+07 0.1796
1.58e+07 0.1702
1.59e+07 0.1616
1.6e+07 0.1536
1.61e+07 0.1462
1.62e+07 0.1393
1.63e+07 0.1329
1.64e+07 0.127
1.65e+07 0.1215
1.66e+07 0.1163
1.67e+07 0.1114
1.68e+07 0.1069
1.69e+07 0.1026
1.7e+07 0.0986
1.71e+07 0.0949
1.72e+07 0.0913
1.73e+07 0.088
1.74e+07 0.0849
1.75e+07 0.0819
1.76e+07 0.0791
1.77e+07 0.0764
1.78e+07 0.0739
1.79e+07 0.0715
1.8e+07 0.0692
1.81e+07 0.067
1.82e+07 0.065
1.83e+07 0.063
1.84e+07 0.0612
1.85e+07 0.0594
1.86e+07 0.0577
1.87e+07 0.056
1.88e+07 0.0545
1.89e+07 0.053
1.9e+07 0.0516
1.91e+07 0.0502
1.92e+07 0.0489
1.93e+07 0.0477
1.94e+07 0.0465
1.95e+07 0.0453
1.96e+07 0.0442
1.97e+07 0.0431
1.98e+07 0.0421
1.99e+07 0.0411
2e+07 0.0402
2.01e+07 0.038831
2.06997e+07 0.0334984
2.12993e+07 0.0289977
2.1899e+07 0.0251578
2.24987e+07 0.0218578
2.30983e+07 0.0190082
2.3698e+07 0.01654
2.42977e+07 0.0143978
2.48973e+07 0.012536
2.5497e+07 0.0109168
2.60967e+07 0.00950763
2.66963e+07 0.0082809
2.7296e+07 0.00721275
2.78957e+07 0.00628254
2.84953e+07 0.00547239
2.9095e+07 0.00476677
2.96947e+07 0.00415215
3.02943e+07 0.0036168
3.0894e+07 0.00315049
3.14937e+07 0.0027443
3.20933e+07 0.00239048
3.2693e+07 0.00208228
3.32927e+07 0.00181382
3.38923e+07 0.00157997
3.4492e+07 0.00137627
3.50917e+07 0.00119883
3.56913e+07 0.00104427
3.6291e+07 0.000909638
3.68907e+07 0.000792361
3.74903e+07 0.000690205
3.809e+07 0.00060122
3.86897e+07 0.000523707
3.92893e+07 0.000456187
3.9889e+07 0.000397373
4.04887e+07 0.000346141
4.10883e+07 0.000301514
4.1688e+07 0.000262641
4.22877e+07 0.00022878
4.28873e+07 0.000199284
4.3487e+07 0.000173591
4.40867e+07 0.000151211
4.46863e+07 0.000131716
4.5286e+07 0.000114734
4.58857e+07 9.99419e-05
4.64853e+07 8.70567e-05
4.7085e+07 7.58328e-05
4.76847e+07 6.6056e-05
4.82843e+07 5.75396e-05
4.8884e+07 5.01213e-05
4.94837e+07 4.36593e-05
5.00833e+07 3.80305e-05
5.0683e+07 3.31274e-05
5.12827e+07 2.88564e-05
5.18823e+07 2.5136e-05
5.2482e+07 2.18953e-05
5.30817e+07 1.90725e-05
5.36813e+07 1.66135e-05
5.4281e+07 1.44716e-05
5.48807e+07 1.26058e-05
5.54803e+07 1.09806e-05
5.608e+07 9.56492e-06
5.66797e+07 8.33175e-06
5.72793e+07 7.25757e-06
5.7879e+07 6.32188e-06
5.84787e+07 5.50682e-06
5.90783e+07 4.79685e-06
5.9678e+07 4.17841e-06
6.02777e+07 3.6397e-06
6.08773e+07 3.17045e-06
6.1477e+07 2.7617e-06
6.20767e+07 2.40564e-06
6.26763e+07 2.09549e-06
6.3276e+07 1.82533e-06
6.38757e+07 1.58999e-06
6.44753e+07 1.385e-06
6.5075e+07 1.20644e-06
6.56747e+07 1.0509e-06
6.62743e+07 9.1541e-07
6.6874e+07 7.97389e-07
6.74737e+07 6.94585e-07
6.80733e+07 6.05035e-07
6.8673e+07 5.2703e-07
6.92727e+07 4.59082e-07
6.98723e+07 3.99894e-07
7.0472e+07 3.48337e-07
7.10717e+07 3.03428e-07
7.16713e+07 2.64308e-07
7.2271e+07 2.30232e-07
7.28707e+07 2.00549e-07
7.34703e+07 1.74693e-07
7.407e+07 1.5217e-07
7.46697e+07 1.32552e-07
7.52693e+07 1.15462e-07
7.5869e+07 1.00576e-07
7.64687e+07 8.76092e-08
7.70683e+07 7.6314e-08
7.7668e+07 6.64752e-08
7.82677e+07 5.79048e-08
7.88673e+07 5.04393e-08
7.9467e+07 4.39364e-08
8.00667e+07 3.82718e-08
8.06663e+07 3.33376e-08
8.1266e+07 2.90395e-08
8.18657e+07 2.52955e-08
8.24653e+07 2.20343e-08
8.3065e+07 1.91935e-08
8.36647e+07 1.67189e-08
8.42643e+07 1.45634e-08
8.4864e+07 1.26858e-08
8.54637e+07 1.10503e-08
8.60633e+07 9.62562e-09
8.6663e+07 8.38462e-09
8.72627e+07 7.30362e-09
8.78623e+07 6.362e-09
8.8462e+07 5.54177e-09
8.90617e+07 4.82729e-09
8.96613e+07 4.20492e-09
9.0261e+07 3.6628e-09
9.08607e+07 3.19057e-09
9.14603e+07 2.77922e-09
9.206e+07 2.42091e-09
9.26597e+07 2.10879e-09
9.32593e+07 1.83691e-09
9.3859e+07 1.60008e-09
9.44587e+07 1.39379e-09
9.50583e+07 1.2141e-09
9.5658e+07 1.05757e-09
9.62577e+07 9.21218e-10
9.68573e+07 8.02449e-10
9.7457e+07 6.98992e-10
9.80567e+07 6.08874e-10
9.86563e+07 5.30374e-10
9.9256e+07 4.61995e-10
9.98557e+07 4.02432e-10
1.00455e+08 3.50548e-10
1.01055e+08 3.05353e-10
1.01655e+08 2.65985e-10
1.02254e+08 2.31693e-10
1.02854e+08 2.01821e-10
1.03454e+08 1.75801e-10
1.04053e+08 1.53136e-10
1.04653e+08 1.33393e-10
1.05253e+08 1.16195e-10
1.05852e+08 1.01214e-10
1.06452e+08 8.81651e-11
1.07052e+08 7.67983e-11
1.07651e+08 6.6897e-11
1.08251e+08 5.82722e-11
1.08851e+08 5.07594e-11
1.0945e+08 4.42152e-11
1.1005e+08 3.85147e-11
1.1065e+08 3.35491e-11
1.11249e+08 2.92238e-11
1.11849e+08 2.54561e-11
1.12449e+08 2.21741e-11
1.13048e+08 1.93153e-11
1.13648e+08 1.6825e-11
1.14248e+08 1.46558e-11
1.14847e+08 1.27663e-11
1.15447e+08 1.11204e-11
1.16047e+08 9.6867e-12
1.16646e+08 8.43783e-12
1.17246e+08 7.34997e-12
1.17846e+08 6.40237e-12
1.18445e+08 5.57693e-12
1.19045e+08 4.85792e-12
1.19645e+08 4.23161e-12
1.20244e+08 3.68604e-12
1.20844e+08 3.21081e-12
1.21444e+08 2.79686e-12
1.22043e+08 2.43627e-12
1.22643e+08 2.12217e-12
1.23243e+08 1.84857e-12
1.23842e+08 1.61024e-12
1.24442e+08 1.40264e-12
1.25042e+08 1.2218e-12
1.25641e+08 1.06428e-12
1.26241e+08 9.27064e-13
1.26841e+08 8.07541e-13
1.2744e+08 7.03428e-13
1.2804e+08 6.12738e-13
1.2864e+08 5.3374e-13
1.29239e+08 4.64927e-13
1.29839e+08 4.04985e-13
1.30439e+08 3.52772e-13
1.31038e+08 3.07291e-13
1.31638e+08 2.67673e-13
1.32238e+08 2.33163e-13
1.32837e+08 2.03102e-13
1.33437e+08 1.76917e-13
1.34037e+08 1.54108e-13
1.34636e+08 1.34239e-13
1.35236e+08 1.16932e-13
1.35836e+08 1.01857e-13
1.36435e+08 8.87245e-14
1.37035e+08 7.72856e-14
1.37635e+08 6.73215e-14
1.38234e+08 5.8642e-14
1.38834e+08 5.10815e-14
1.39434e+08 4.44957e-14
1.40033e+08 3.87591e-14
1.40633e+08 3.3762e-14
1.41233e+08 2.94092e-14
1.41832e+08 2.56176e-14
1.42432e+08 2.23148e-14
1.43032e+08 1.94378e-14
1.43631e+08 1.69318e-14
1.44231e+08 1.47488e-14
1.44831e+08 1.28473e-14
1.4543e+08 1.1191e-14
1.4603e+08 9.74816e-15
1.4663e+08 8.49137e-15
1.47229e+08 7.39661e-15
1.47829e+08 6.44299e-15
1.48429e+08 5.61232e-15
1.49028e+08 4.88875e-15
1.49628e+08 4.25846e-15
1.50228e+08 3.70943e-15
1.50827e+08 3.23119e-15
1.51427e+08 2.8146e-15
1.52027e+08 2.45173e-15
1.52626e+08 2.13564e-15
1.53226e+08 1.8603e-15
1.53826e+08 1.62046e-15
1.54425e+08 1.41154e-15
1.55025e+08 1.22955e-15
1.55625e+08 1.07103e-15
1.56224e+08 9.32947e-16
1.56824e+08 8.12665e-16
1.57424e+08 7.07892e-16
1.58023e+08 6.16626e-16
1.58623e+08 5.37127e-16
1.59223e+08 4.67877e-16
1.59822e+08 4.07555e-16
1.60422e+08 3.55011e-16
1.61022e+08 3.0924e-16
1.61621e+08 2.69371e-16
1.62221e+08 2.34642e-16
1.62821e+08 2.04391e-16
1.6342e+08 1.78039e-16
1.6402e+08 1.55085e-16
1.6462e+08 1.35091e-16
1.65219e+08 1.17674e-16
1.65819e+08 1.02503e-16
1.66419e+08 8.92875e-17
1.67018e+08 7.7776e-17
1.67618e+08 6.77487e-17
1.68218e+08 5.90141e-17
1.68817e+08 5.14056e-17
1.69417e+08 4.47781e-17
1.70017e+08 3.9005e-17
1.70616e+08 3.39762e-17
1.71216e+08 2.95958e-17
1.71816e+08 2.57801e-17
1.72415e+08 2.24564e-17
1.73015e+08 1.95612e-17
1.73615e+08 1.70392e-17
1.74214e+08 1.48424e-17
1.74814e+08 1.29289e-17
1.75414e+08 1.1262e-17
1.76013e+08 9.81002e-18
1.76613e+08 8.54525e-18
1.77213e+08 7.44354e-18
1.77812e+08 6.48388e-18
1.78412e+08 5.64793e-18
1.79012e+08 4.91977e-18
1.79611e+08 4.28548e-18
1.80211e+08 3.73297e-18
1.80811e+08 3.25169e-18
1.8141e+08 2.83246e-18
1.8201e+08 2.46729e-18
1.8261e+08 2.14919e-18
1.83209e+08 1.8721e-18
1.83809e+08 1.63074e-18
1.84409e+08 1.42049e-18
1.85008e+08 1.23735e-18
1.85608e+08 1.07783e-18
1.86208e+08 9.38867e-19
1.86807e+08 8.17822e-19
1.87407e+08 7.12383e-19
1.88007e+08 6.20539e-19
1.88606e+08 5.40535e-19
1.89206e+08 4.70846e-19
1.89806e+08 4.10141e-19
1.90405e+08 3.57263e-19
1.91005e+08 3.11203e-19
1.91605e+08 2.71081e-19
1.92204e+08 2.36131e-19
1.92804e+08 2.05688e-19
1.93404e+08 1.79169e-19
1.94003e+08 1.5607e-19
1.94603e+08 1.35948e-19
1.95203e+08 1.18421e-19
1.95802e+08 1.03153e-19
1.96402e+08 8.98541e-20
1.97002e+08 7.82696e-20
1.97601e+08 6.81786e-20
1.98201e+08 5.93886e-20
1.98801e+08 5.17318e-20
1.994e+08 4.50622e-20
2e+08 3.92525e-20
