42.7897184241565 42.7897184241565 0.00023402682251293095
43.2419214665356 43.2419214665356 0.0002979949161942081
45.2825555095311 45.2825555095311 0.0002938942685840602
47.3183895673674 47.3183895673674 0.00037225221991009973
43.8181322205329 43.8181322205329 0.0003427367863811009
45.6845084232174 45.6845084232174 0.00037555187026198927
45.0168782018076 45.0168782018076 0.0004060087261309605
45.5350346637733 45.5350346637733 0.000386336233859229
43.1892696237067 43.1892696237067 0.0003759783830081418
43.8676879321463 43.8676879321463 0.0003857198779476414
44.9171430074095 44.9171430074095 0.00035500516643289327
45.9986291841933 45.9986291841933 0.00045741526576502763
44.0728990631409 44.0728990631409 0.0004323551250333806
43.1429545956031 43.1429545956031 0.0004404024653143201
44.1842315163875 44.1842315163875 0.0004509649439868479
46.7035284791898 46.7035284791898 0.0004517289455568601
47.0275390241259 47.0275390241259 0.0005111238518628076
42.8577772852786 42.8577772852786 0.00048096215193891596
43.8633988212999 43.8633988212999 0.000338492590845254
42.9012654288122 42.9012654288122 0.00029677665410976316
42.9001986142543 42.9001986142543 0.00031952664607507434
44.459924947206 44.459924947206 0.00031335682220582826
47.4478078220752 47.4478078220752 0.0002986317661293318
43.3945002139971 43.3945002139971 0.0003076955371410461
43.0451580824992 43.0451580824992 0.0003471264706410586
44.5090846679757 44.5090846679757 0.00032143274467659537
45.2744265935833 45.2744265935833 0.0003429393637266
46.6688537780002 46.6688537780002 0.00036379245259880743
45.9171005589712 45.9171005589712 0.00034975414350401675
46.2583472649647 46.2583472649647 0.00037891932805979555
43.4113910262601 43.4113910262601 0.00037090553143124264
46.7120002977168 46.7120002977168 0.0003494357951931534
44.6260881514273 44.6260881514273 0.00035944985037400534
43.5927860651622 43.5927860651622 0.00035687359671684375
44.5325356575739 44.5325356575739 0.0003743723747409164
42.9589267315482 42.9589267315482 0.00035917452791700457
44.8490851396203 44.8490851396203 0.0003689594641044626
44.985239976509 44.985239976509 0.00035211988896625176
45.1018069573798 45.1018069573798 0.0003390160376765005
46.5543658882463 46.5543658882463 0.00033754574914582715
45.3697428289721 45.3697428289721 0.00030482921664626045
43.456062796012 43.456062796012 0.0003265008216237094
47.4703584233226 47.4703584233226 0.0003817951712478571
46.9179142239516 46.9179142239516 0.00036487023408730693
44.5275300257571 44.5275300257571 0.0003698120673631959
47.5858179472381 47.5858179472381 0.00038467316147912085
43.6725205105259 43.6725205105259 0.00037996342172102717
46.2855516109613 46.2855516109613 0.0004190100291764889
45.2384007791943 45.2384007791943 0.00037351694944007285
44.3462572739259 44.3462572739259 0.0003269464426606913
44.0234281785763 44.0234281785763 0.0002992649617383269
47.3696282750723 47.3696282750723 0.0003512031891567728
46.5752164033111 46.5752164033111 0.00036583095192255173
45.8309949378844 45.8309949378844 0.00035185212847564586
47.0657404956963 47.0657404956963 0.00035503705221236464
43.4750588574391 43.4750588574391 0.00034132943514201473
45.9631575940234 45.9631575940234 0.0003608107246065665
43.1476299566598 43.1476299566598 0.00035578196047009327
47.3075010560138 47.3075010560138 0.00035665053687716314
44.7985203925192 44.7985203925192 0.0003475673868606411
47.5473873131698 47.5473873131698 0.00038770075114172363
46.3315445903162 46.3315445903162 0.0003511966433445764
44.3431898343943 44.3431898343943 0.00034388281637244577
43.8478207722887 43.8478207722887 0.0003457631647153537
45.2415462880357 45.2415462880357 0.00034278299545320335
44.7613107583876 44.7613107583876 0.0003666663170235572
46.610644999206 46.610644999206 0.00039613098985449895
43.9689919100517 43.9689919100517 0.0004046039876674647
45.8870783228023 45.8870783228023 0.00041411995268054286
47.132221328222 47.132221328222 0.0004543470504630046
44.8118432912766 44.8118432912766 0.000422046771059272
44.0874148029717 44.0874148029717 0.00041128681669761776
43.5038089667782 43.5038089667782 0.00044023537889453123
47.1944224908893 47.1944224908893 0.0005065860056310452
46.5994781195916 46.5994781195916 0.00042836878584211777
43.6408822017896 43.6408822017896 0.0004298895219055193
47.9221732053199 47.9221732053199 0.00046148708834308475
45.2346971351684 45.2346971351684 0.000411666270383123
45.5078845005316 45.5078845005316 0.00045009961614012305
43.3315713395125 43.3315713395125 0.0003828151977233099
44.9092987617568 44.9092987617568 0.00042035440068112533
45.2878546609588 45.2878546609588 0.0003960048374337863
46.217310759052 46.217310759052 0.000383752259795772
46.9104249052964 46.9104249052964 0.00040180131769292543
46.0541502922652 46.0541502922652 0.00041261326930451336
44.482315881468 44.482315881468 0.0003769892885893548
45.342448063692 45.342448063692 0.0003762672167758902
45.8708019943051 45.8708019943051 0.0003846193012160939
46.2767396395223 46.2767396395223 0.00042452876650049965
43.9494533124718 43.9494533124718 0.00037419909183346864
44.1588100635915 44.1588100635915 0.00038562288701905013
47.0330833533037 47.0330833533037 0.0004147856498221556
44.587816526099 44.587816526099 0.00038337546415225074
46.432457269052 46.432457269052 0.00039510845521209504
43.8851096336176 43.8851096336176 0.0003945441709753098
45.4460992681689 45.4460992681689 0.0003726486854236419
46.9851053395064 46.9851053395064 0.0004119827003668588
47.7309910086744 47.7309910086744 0.00044983399794991673
47.2544343579217 47.2544343579217 0.0004245869123440736
44.1405018636866 44.1405018636866 0.0004429630695422596
44.5793591291686 44.5793591291686 0.0004844302933563164
46.7651888543814 46.7651888543814 0.000489669538998458
46.7847612628609 46.7847612628609 0.0005143704042807109
43.6879809309352 43.6879809309352 0.0005051541259930458
43.559482098773 43.559482098773 0.00047307063840532467
43.7762791696732 43.7762791696732 0.00048301482836887944
45.2872152609987 45.2872152609987 0.0004560039124637853
45.448042471048 45.448042471048 0.00047742991210119847
45.7270801163237 45.7270801163237 0.0004262568816605263
43.6362040104699 43.6362040104699 0.00046974237599106596
47.4634998140282 47.4634998140282 0.00046933956981736033
45.1774759088393 45.1774759088393 0.0004822432536735524
46.2106439634342 46.2106439634342 0.00048508637791314834
45.6867165006822 45.6867165006822 0.000491528688760189
44.8091543347115 44.8091543347115 0.0004604677084591178
48.1343093123604 48.1343093123604 0.0004882394053017123
47.0916653360435 47.0916653360435 0.0004467275400150895
46.1389604107122 46.1389604107122 0.0004396224229859642
45.2116403523849 45.2116403523849 0.00041688916223517
45.5753480815016 45.5753480815016 0.0004022587399370516
45.8258527009876 45.8258527009876 0.0003924103003096988
45.6398475866489 45.6398475866489 0.00040271046985235654
48.0293166924138 48.0293166924138 0.0004153499842731793
46.7160525171789 46.7160525171789 0.00038762989912784185
44.0826049980368 44.0826049980368 0.0003753223225309243
44.7077634033175 44.7077634033175 0.0003805894543865068
45.810319213482 45.810319213482 0.00041191053696312607
45.1268352885152 45.1268352885152 0.00043328691335143416
47.4344628417492 47.4344628417492 0.00042847642503172104
46.6656365683893 46.6656365683893 0.0004601721220969975
46.9251569427339 46.9251569427339 0.0004524200823140865
44.0515273575593 44.0515273575593 0.00044194587390574417
45.126629375028 45.126629375028 0.00046251411706606986
48.1409946770845 48.1409946770845 0.00048071662481969204
47.2714617373395 47.2714617373395 0.0004905142412138363
45.679147720457 45.679147720457 0.000489872857509151
45.5499654614642 45.5499654614642 0.0004963499514150827
44.6134374677153 44.6134374677153 0.0004724601481903146
45.3647513911571 45.3647513911571 0.0005040793856466955
44.0453644718858 44.0453644718858 0.0004816448061632796
45.4935062109915 45.4935062109915 0.0004974081340866944
47.7529439106163 47.7529439106163 0.0005491036762150426
44.9072493591395 44.9072493591395 0.0005339073122186083
45.6343178761649 45.6343178761649 0.0005444397627829257
46.7582965915626 46.7582965915626 0.0005720220859102667
47.9366309874347 47.9366309874347 0.0006385231802899692
46.4490959848275 46.4490959848275 0.0006186190376701514
45.4798079738214 45.4798079738214 0.0005996724595877694
48.4026084867624 48.4026084867624 0.0006802348209878027
44.8890096164037 44.8890096164037 0.000640536350174928
47.0103764785452 47.0103764785452 0.0007484103704476413
44.5140178355755 44.5140178355755 0.0007066484688503079
46.8770168894219 46.8770168894219 0.0007868359308117788
43.8030139575575 43.8030139575575 0.000771332889841772
48.1788338099087 48.1788338099087 0.0009069262354782216
45.7310024341193 45.7310024341193 0.0008666623411666985
43.6928520996452 43.6928520996452 0.0008355045538931057
47.0065908313363 47.0065908313363 0.000968193587462527
43.8397898030203 43.8397898030203 0.0009695210134410812
44.9177972859823 44.9177972859823 0.0009951488833788973
44.3580657008415 44.3580657008415 0.0009556586764160562
47.2730594857869 47.2730594857869 0.0010183121147236038
45.8376019692171 45.8376019692171 0.0010190619472345507
47.0113859889746 47.0113859889746 0.0010674902547141475
48.3284677480359 48.3284677480359 0.0011035068148556957
43.9611377250604 43.9611377250604 0.0010265483161290606
44.0307069046066 44.0307069046066 0.0010318416107531197
46.0310248187708 46.0310248187708 0.001066589853598143
45.2358484136536 45.2358484136536 0.001063697523154461
45.7756470676224 45.7756470676224 0.0010802020275644752
48.4084310853401 48.4084310853401 0.001150554222059491
46.4608142228128 46.4608142228128 0.0011383760505050459
48.1827552586877 48.1827552586877 0.0012054786060173746
47.2404369763814 47.2404369763814 0.0011796672800668275
47.2546408872641 47.2546408872641 0.0012044436330574302
47.9264474973236 47.9264474973236 0.0012483849711546434
44.9540088118823 44.9540088118823 0.0011844299166281656
46.2358135118766 46.2358135118766 0.0012400585749481768
46.8985044669171 46.8985044669171 0.0012596615452741856
44.2832278228194 44.2832278228194 0.001175848475396905
45.0949834122568 45.0949834122568 0.001158137650933135
47.6228265918279 47.6228265918279 0.0012641587091061525
44.1608647950631 44.1608647950631 0.0012045798469403658
46.0482366863528 46.0482366863528 0.0012518972879471668
47.2891382263138 47.2891382263138 0.0013222912735468169
44.4031703690268 44.4031703690268 0.001229896210081914
48.717688781519 48.717688781519 0.001370266367958552
48.4207036303639 48.4207036303639 0.001365902054947398
45.3369578143261 45.3369578143261 0.001276786069656852
47.7670407871215 47.7670407871215 0.0013284787918070788
44.0085865705106 44.0085865705106 0.0012256917397005136
43.9901094054185 43.9901094054185 0.001200279661570357
44.432084501828 44.432084501828 0.0012275165638810693
45.8445884540007 45.8445884540007 0.0012861902916054702
45.5738435112167 45.5738435112167 0.00126068170639558
46.9285669179364 46.9285669179364 0.0013040290217343918
45.5402102537194 45.5402102537194 0.0012869088868458515
45.9014712316786 45.9014712316786 0.0012890060354773308
45.1889754111659 45.1889754111659 0.0012239101411490008
47.7815522292078 47.7815522292078 0.001326965150985115
47.1043487592099 47.1043487592099 0.0012896618740083695
48.6034783563001 48.6034783563001 0.0013179352489925231
48.7712476877283 48.7712476877283 0.001324378277583254
47.2980862580913 47.2980862580913 0.0013311559437954664
47.3647008809532 47.3647008809532 0.001349212951298024
45.1446332611078 45.1446332611078 0.0012916086314363566
45.2841545493391 45.2841545493391 0.0013540419237316292
47.2893101881769 47.2893101881769 0.001379128830877054
48.0178835784682 48.0178835784682 0.0014332816164166322
48.6052729384606 48.6052729384606 0.0014673967001925525
44.6080284884301 44.6080284884301 0.0013234308413487706
44.2245950899538 44.2245950899538 0.0013214077664266115
46.7722623175513 46.7722623175513 0.0013771498656352226
48.7818207147104 48.7818207147104 0.0014109050566756738
47.2355558488729 47.2355558488729 0.001372068900560547
46.0891975382961 46.0891975382961 0.0013981707206329166
45.4927677087606 45.4927677087606 0.0013642138857327837
44.1983043397544 44.1983043397544 0.0013499500260896824
48.7615738933699 48.7615738933699 0.0014996216757872166
44.413857055176 44.413857055176 0.0013542153088992074
44.6863508217031 44.6863508217031 0.0013719566251296595
45.5105460349697 45.5105460349697 0.001365705464946015
47.1060933772521 47.1060933772521 0.001417433841233491
47.8598278829412 47.8598278829412 0.00136986373444959
46.0656248122898 46.0656248122898 0.0013163571365616134
46.575935741848 46.575935741848 0.001366822716949256
48.3071452787889 48.3071452787889 0.0013633659680712274
48.8897306054197 48.8897306054197 0.001406979532667529
46.0314224630783 46.0314224630783 0.0013502611308358833
47.1486943032284 47.1486943032284 0.001378784739786974
48.0516120241197 48.0516120241197 0.0014070327139597354
45.5496479906903 45.5496479906903 0.0013218414668120374
48.0350963116566 48.0350963116566 0.0013689780127523732
47.5831560087589 47.5831560087589 0.0013620508640668156
47.9618100708183 47.9618100708183 0.0013273566683804612
47.2153733427171 47.2153733427171 0.0013024578667539415
45.8058473433197 45.8058473433197 0.0012574786458387761
44.8080241877996 44.8080241877996 0.0012337551758710094
48.9818287740364 48.9818287740364 0.0013716210296224336
44.6943759092247 44.6943759092247 0.0012322075627192958
48.9954837864569 48.9954837864569 0.001354797003947693
46.630944504777 46.630944504777 0.0012892291159283548
48.6616306984571 48.6616306984571 0.0013723253337862757
48.9728017342089 48.9728017342089 0.0013935011614531836
48.7887696961178 48.7887696961178 0.001406908296615383
48.6476233440136 48.6476233440136 0.0013859555290281333
45.6893771383699 45.6893771383699 0.0012995137406699511
44.8618935876674 44.8618935876674 0.0012969587157994616
44.5210057792465 44.5210057792465 0.0013155831359886285
48.8558438949796 48.8558438949796 0.0014036476530481497
44.920046605343 44.920046605343 0.001290385810140412
48.2455244721536 48.2455244721536 0.001400197806764304
46.1910441503806 46.1910441503806 0.0013799738428666713
47.9003448566021 47.9003448566021 0.0014472783485319606
47.9698369969375 47.9698369969375 0.0014265636801567322
44.6754656948076 44.6754656948076 0.0013609274466973985
45.0261001163607 45.0261001163607 0.0013733566640714977
47.8789802215661 47.8789802215661 0.001497078256426325
48.300186553085 48.300186553085 0.001557579355941352
44.5618368970672 44.5618368970672 0.0014120216814401323
48.4882563762864 48.4882563762864 0.001559049163890594
45.0041041142121 45.0041041142121 0.0014680038201963742
48.6819267480188 48.6819267480188 0.0016419411854307485
45.3159754026641 45.3159754026641 0.0015553543935660455
48.594176241042 48.594176241042 0.0017071181178678284
44.7221919247368 44.7221919247368 0.001561295916151182
49.2116544631495 49.2116544631495 0.0018188413705312399
45.9289541422022 45.9289541422022 0.001701196606177281
48.3125713356302 48.3125713356302 0.001853270057006913
48.2951974824683 48.2951974824683 0.001846168611970483
45.0665488834203 45.0665488834203 0.001788014262607556
45.9441464480952 45.9441464480952 0.001863792281040415
47.0550438306182 47.0550438306182 0.001993077898720173
47.8538346466755 47.8538346466755 0.0020981814164511194
47.1674385970205 47.1674385970205 0.002152425088040261
44.9075062316891 44.9075062316891 0.0021315051773646023
48.1856536350207 48.1856536350207 0.0023999974444293623
44.8409758194024 44.8409758194024 0.00234609179130582
46.3426008883187 46.3426008883187 0.0025192803980033894
48.4031306132599 48.4031306132599 0.0027590767852120742
48.9157980457699 48.9157980457699 0.0028860484865493104
48.3590834625822 48.3590834625822 0.002929151745414688
48.297278222607 48.297278222607 0.003034261296592646
48.5157118397533 48.5157118397533 0.0031717578633056087
47.7236000954568 47.7236000954568 0.0032885327043156044
48.6682337594481 48.6682337594481 0.003442430732797924
49.0782554149792 49.0782554149792 0.0036342146404435634
47.3096583731345 47.3096583731345 0.003597617319113933
48.1423552132197 48.1423552132197 0.003791785420056923
46.9429788215591 46.9429788215591 0.003788879304595371
47.6431002838254 47.6431002838254 0.003972797996820623
45.7110797562725 45.7110797562725 0.003937794954442652
47.7658258836372 47.7658258836372 0.0042058236832194585
46.2717994114417 46.2717994114417 0.004251153048389591
46.5919287384527 46.5919287384527 0.004446682605082667
47.7590850038507 47.7590850038507 0.004592034171051822
46.3379519358591 46.3379519358591 0.004525813367834666
45.5999393290391 45.5999393290391 0.004563806158156583
49.3794169605193 49.3794169605193 0.005134811315678977
47.8425867990598 47.8425867990598 0.004988556460177225
45.6249889621511 45.6249889621511 0.004795492218371738
49.2210374711721 49.2210374711721 0.005300528546457455
46.8803537501929 46.8803537501929 0.005141514744233
48.7107120192385 48.7107120192385 0.005474131950284768
47.0412394340085 47.0412394340085 0.005407855677561212
45.6207130489361 45.6207130489361 0.005325305235282683
48.986480875403 48.986480875403 0.005781999564451975
48.7776579009173 48.7776579009173 0.0058395023508078375
48.3671429742768 48.3671429742768 0.005964343229098092
47.7567646141648 47.7567646141648 0.00604864661534955
49.143555728803 49.143555728803 0.006281918500278586
45.7092981478258 45.7092981478258 0.005919800212188565
48.2626665900285 48.2626665900285 0.006317271823140192
45.167514120749 45.167514120749 0.005955447670123582
48.4344164112595 48.4344164112595 0.006455259018465164
48.7079875596339 48.7079875596339 0.006496981454967353
49.3072344423452 49.3072344423452 0.006605307801163414
47.9416120604546 47.9416120604546 0.00638480735556644
45.0172766538892 45.0172766538892 0.005994497443608845
48.4879386816909 48.4879386816909 0.0063960398492025
44.9326068862015 44.9326068862015 0.006027325933257215
48.5806279096956 48.5806279096956 0.006523992432712026
48.5206774618814 48.5206774618814 0.006473839885581605
46.776538685926 46.776538685926 0.006192585514230847
48.5968819255189 48.5968819255189 0.006529561113651577
49.0492519852318 49.0492519852318 0.006545739774222483
44.8817359509975 44.8817359509975 0.005969675014151118
46.1678606117856 46.1678606117856 0.006088982344505201
47.2369653454872 47.2369653454872 0.006120944025513123
49.1457286428571 49.1457286428571 0.00632361148860093
46.5949540638639 46.5949540638639 0.0059767765218593834
46.8360869009088 46.8360869009088 0.005921493764683739
47.6158205828113 47.6158205828113 0.005916325443567571
48.856114377366 48.856114377366 0.006113059095722816
48.1274721663439 48.1274721663439 0.00596187428409921
49.1636381022661 49.1636381022661 0.006058143584119775
49.3488013133943 49.3488013133943 0.006052936877213767
45.516195964988 45.516195964988 0.00552036647591997
46.2071628328772 46.2071628328772 0.0055466425325287946
45.2944922033716 45.2944922033716 0.005378779262317147
45.6225803846517 45.6225803846517 0.00532044167937162
44.8656452273296 44.8656452273296 0.005121267630249342
46.0104176122124 46.0104176122124 0.005183065908747304
46.8941755620429 46.8941755620429 0.00526005252073192
48.1375817222076 48.1375817222076 0.005303049296741315
47.0399449068153 47.0399449068153 0.0050779240510207685
45.7480785624237 45.7480785624237 0.00483715383957626
48.7100376494923 48.7100376494923 0.00506514607413642
47.622407025638 47.622407025638 0.0048546855259939195
45.3114353183689 45.3114353183689 0.004564832881836821
46.4174779948972 46.4174779948972 0.004636361893755265
49.093690946608604 49.093690946608604 0.00484072113542916
46.497452760274 46.497452760274 0.004548712490499573
47.7409838780235 47.7409838780235 0.00460315047392162
48.8068990438068 48.8068990438068 0.004692865002858606
46.4100039078146 46.4100039078146 0.004363779198053288
48.3118587391351 48.3118587391351 0.004478682201056214
49.786946669499 49.786946669499 0.004629498174506139
49.8154855677467 49.8154855677467 0.004587354101210517
46.1461275417168 46.1461275417168 0.004176759093673705
45.7634867107699 45.7634867107699 0.004160873995748563
49.788969822372 49.788969822372 0.00454722991304703
45.5511272007859 45.5511272007859 0.004119258227883879
49.3128116013744 49.3128116013744 0.004421353282133342
45.4226751288825 45.4226751288825 0.004041328954663412
45.6072894052324 45.6072894052324 0.004061026287094435
49.2031010616192 49.2031010616192 0.004353623922722189
46.1032052664043 46.1032052664043 0.00405930544503187
45.5169683696712 45.5169683696712 0.003911160176357318
45.9496031366701 45.9496031366701 0.003934215908201662
47.6072235669811 47.6072235669811 0.004057507664593736
49.6335527739117 49.6335527739117 0.004171064214279601
45.9276634809445 45.9276634809445 0.003849403941863233
45.622944395792 45.622944395792 0.003844466635797406
45.2049533085718 45.2049533085718 0.0037972934163550643
47.847679945616 47.847679945616 0.003962274052925902
49.0132797008646 49.0132797008646 0.004029319376934711
47.7537904486026 47.7537904486026 0.0038990927358012813
47.1806708708731 47.1806708708731 0.0037981211123276175
45.9044524369813 45.9044524369813 0.003768293565159076
49.8341024224306 49.8341024224306 0.004008521952803823
49.3592407246979 49.3592407246979 0.003948977391364738
47.9095200336811 47.9095200336811 0.003866746502527376
49.3668977863176 49.3668977863176 0.003975473243818495
47.0132667712764 47.0132667712764 0.003789356926925373
47.258975786009 47.258975786009 0.003784796476267069
49.102219980422 49.102219980422 0.0039050252585254804
49.1542455648262 49.1542455648262 0.0038424631006208393
49.3476795151767 49.3476795151767 0.0038715700331138523
45.2498003032565 45.2498003032565 0.003538136375960692
45.9183380933695 45.9183380933695 0.003574480975147537
47.5270667478046 47.5270667478046 0.003621281299637753
47.6904139869058 47.6904139869058 0.0036172014932659424
47.9654010973569 47.9654010973569 0.0036496274630763667
46.1099669329116 46.1099669329116 0.003490524198609869
47.5861062515216 47.5861062515216 0.0035638060522585773
49.8448345820913 49.8448345820913 0.0036340219646508122
49.9438300765282 49.9438300765282 0.003634462209295028
48.9134827752057 48.9134827752057 0.00353022428964259
50.0878792442257 50.0878792442257 0.0036334008446057705
49.7081638030919 49.7081638030919 0.003588675773478249
47.0325329437995 47.0325329437995 0.003335805611465472
46.3189175339692 46.3189175339692 0.0032944575097625557
47.0932002917767 47.0932002917767 0.003335224521595142
49.6795424636296 49.6795424636296 0.0034949803749741264
45.6089188261848 45.6089188261848 0.00316415312269391
47.7334611888265 47.7334611888265 0.003277029292740242
46.251024485485 46.251024485485 0.003153481587914467
48.796929229419 48.796929229419 0.003336837809121991
48.8323001256483 48.8323001256483 0.0033490325518723816
48.6443785768488 48.6443785768488 0.003335677357074012
46.5687609964239 46.5687609964239 0.003218263184809176
46.3144285995105 46.3144285995105 0.003207993938816466
50.1118759245879 50.1118759245879 0.0034537608131799424
50.0184935896139 50.0184935896139 0.003495043670187228
47.7052852109869 47.7052852109869 0.0033708868256294654
49.9986420722789 49.9986420722789 0.0035533986920654164
49.9668244607075 49.9668244607075 0.0035234491793098323
48.91050898104 48.91050898104 0.0033624485403874896
48.628849868769 48.628849868769 0.003320229180129432
46.1636885089122 46.1636885089122 0.0030954438018187002
49.3365088828977 49.3365088828977 0.0032044847245456787
50.2172149952142 50.2172149952142 0.0031456807817077433
48.9911577044971 48.9911577044971 0.0030376793742503895
47.216507623579 47.216507623579 0.0028996085836717617
46.230975980656 46.230975980656 0.002749723773095297
50.2277867391041 50.2277867391041 0.0029030136456818807
50.0255559245224 50.0255559245224 0.002863736000205831
50.0754367131915 50.0754367131915 0.0027677571698106565
47.5365624321377 47.5365624321377 0.0025515526252295755
47.4872673622125 47.4872673622125 0.002465198512293135
49.5834007223721 49.5834007223721 0.002482495775180018
50.0881881189073 50.0881881189073 0.0024153064673964205
48.6655033277734 48.6655033277734 0.0022813031750846917
49.2183921956776 49.2183921956776 0.0022143759225214674
45.692572251492 45.692572251492 0.001956212946592219
47.6120955139996 47.6120955139996 0.002012266735575803
47.8728696042236 47.8728696042236 0.0020070296036527337
48.2608048459943 48.2608048459943 0.0019564939696003454
46.6754921235367 46.6754921235367 0.0017887074827374722
48.5782572081035 48.5782572081035 0.0018066200048629185
49.5410188957921 49.5410188957921 0.0017884289509931652
47.3916208889148 47.3916208889148 0.0016433566106067966
45.5484154097412 45.5484154097412 0.001554489855860717
49.1977457785317 49.1977457785317 0.001574144065307281
50.3712055333056 50.3712055333056 0.00160726803280802
48.9727519025561 48.9727519025561 0.0014827623901779152
46.6903264329599 46.6903264329599 0.0013550752659351644
45.9134263485828 45.9134263485828 0.0013151136017985308
49.4012823337548 49.4012823337548 0.0013880193467684621
47.8640870818303 47.8640870818303 0.001290775681092474
50.111183279895 50.111183279895 0.001299009265458171
50.0265920624388 50.0265920624388 0.0012570119207609685
46.2521576774746 46.2521576774746 0.0011331162664903768
49.4993922194751 49.4993922194751 0.0011856648624529724
46.2668021541223 46.2668021541223 0.0010464391099111253
48.7959146794922 48.7959146794922 0.0010323410233093679
45.9022843984402 45.9022843984402 0.0009079224492791123
49.2866451470729 49.2866451470729 0.0009336908107991448
48.4329201537587 48.4329201537587 0.0008407776814542926
48.0878677760063 48.0878677760063 0.0008066414798297628
45.7468205412628 45.7468205412628 0.0007253876875078234
48.8688107216944 48.8688107216944 0.0007097032014266263
49.5705174293557 49.5705174293557 0.0006888696276813875
49.2695714730092 49.2695714730092 0.0006312814721986521
48.1040061448255 48.1040061448255 0.000554242936688901
49.0341701430006 49.0341701430006 0.0005016723992691602
48.0992115673918 48.0992115673918 0.0004860260877420876
49.9997584594007 49.9997584594007 0.00046983649459084436
47.432042569401 47.432042569401 0.00041998512963448305
47.6594886272127 47.6594886272127 0.00038036328669720004
45.924923492545 45.924923492545 0.00033211369370126216
47.4555797643602 47.4555797643602 0.0003628352691794896
48.2733695168395 48.2733695168395 0.00032694152548188237
48.0609452998019 48.0609452998019 0.00030748849511417364
48.3959238397523 48.3959238397523 0.00030553610207696935
50.3810479438588 50.3810479438588 0.00029501261971843096
46.6501847034002 46.6501847034002 0.0002479528313431122
47.2216177029119 47.2216177029119 0.00022155775757243357
50.6276426508045 50.6276426508045 0.00022486976541685982
50.0111711146738 50.0111711146738 0.00019721536617602403
46.590406343741 46.590406343741 0.00016048548106279074
50.7452718254759 50.7452718254759 0.00018318769698591006
49.5995385477056 49.5995385477056 0.000144058639322306
47.9511968218553 47.9511968218553 0.00018501266340943608
50.8446242206034 50.8446242206034 0.00024041297011379774
50.1642105229241 50.1642105229241 0.0002558872200881179
49.5786481241765 49.5786481241765 0.00024054208390312422
48.101110847915 48.101110847915 0.0002652550440054526
47.2981814041521 47.2981814041521 0.0002921679665382492
48.165994603314 48.165994603314 0.0002715407907208233
46.6321158819054 46.6321158819054 0.0002724932294497201
50.7177060892974 50.7177060892974 0.00026693192746976146
48.3254205362099 48.3254205362099 0.00026630759001373836
50.2761149619874 50.2761149619874 0.0002603355967779805
46.5700224894511 46.5700224894511 0.00023534774921095666
50.0769107332611 50.0769107332611 0.00024680084170211516
47.973078167042 47.973078167042 0.00019270262947780975
50.9203939766205 50.9203939766205 0.00020238817772612276
48.4755388920976 48.4755388920976 0.0002528613341247549
48.7510275165435 48.7510275165435 0.0002845205147740883
46.2708634794351 46.2708634794351 0.00028534789056238857
48.8685935531886 48.8685935531886 0.0003033282259300581
49.2345096604411 49.2345096604411 0.0002811361250662095
46.7887266013297 46.7887266013297 0.00030002425685674814
48.4063232867944 48.4063232867944 0.0003383942521636242
47.919106010399 47.919106010399 0.00025367690099157127
49.8659073207411 49.8659073207411 0.00021858825444385612
49.444548922628 49.444548922628 0.0002064810703133585
46.3215604823368 46.3215604823368 0.0002183002561496414
46.3903365052101 46.3903365052101 0.0001860104363019934
47.4409352369874 47.4409352369874 0.00014706806724718602
46.8919073760859 46.8919073760859 0.00014534600101274918
47.3747783601504 47.3747783601504 0.00014291140204163668
45.9924643634834 45.9924643634834 0.00015390793068970085
50.7058042716501 50.7058042716501 0.00015710248388222503
46.8606491121683 46.8606491121683 0.00014516895644461339
47.8801781326167 47.8801781326167 0.00014037013099533262
49.2235493435468 49.2235493435468 0.0001646294687142639
49.1101408363914 49.1101408363914 0.00017232941069698094
46.6841876097357 46.6841876097357 0.00017537965986605216
49.5990000476831 49.5990000476831 0.00021902525484935744
47.1460196612306 47.1460196612306 0.0002529211327594802
46.9357611199284 46.9357611199284 0.00024206740521804282
46.7777016672325 46.7777016672325 0.0002451096076108022
47.789298652668 47.789298652668 0.00022670786190339017
47.7567573414787 47.7567573414787 0.0002481853077498268
50.2439981906559 50.2439981906559 0.00026521509398904177
50.1341068174607 50.1341068174607 0.00024394716311432904
50.6906821517214 50.6906821517214 0.00023405712906279121
49.7145680589465 49.7145680589465 0.00022339500723514191
46.7432309389419 46.7432309389419 0.00020037355055892438
50.7122877933185 50.7122877933185 0.00019854864543739442
48.0491905245578 48.0491905245578 0.00015245841982791393
47.4934042558287 47.4934042558287 0.00017610354167246067
46.7577546701584 46.7577546701584 0.0001714103853578638
50.8835360568443 50.8835360568443 0.00019492206819039505
51.0392063791245 51.0392063791245 0.00018497347994580516
50.6294154472842 50.6294154472842 0.00018136166139757373
46.1082724577722 46.1082724577722 0.00016326422905362504
46.2747656842725 46.2747656842725 0.0001981198945760024
49.4484614735658 49.4484614735658 0.00023201116182741734
48.8378712454576 48.8378712454576 0.00020502028765304278
49.9287906134991 49.9287906134991 0.00021778090715769452
49.1594327783003 49.1594327783003 0.0002588839062060318
49.4221776848115 49.4221776848115 0.00022162337947455866
46.2389193410138 46.2389193410138 0.00021872011136238553
50.428873715943 50.428873715943 0.0002467941804728341
47.5624561487544 47.5624561487544 0.00020143779470097468
46.3574685606132 46.3574685606132 0.0001639211678020182
51.1139316231499 51.1139316231499 0.0001554877949449984
47.7072900024628 47.7072900024628 0.00017846034147040406
48.4541941510056 48.4541941510056 0.00016728594659161123
49.8244975200194 49.8244975200194 0.00019451046799498736
50.0267319134521 50.0267319134521 0.00015006214010671224
47.2417772660674 47.2417772660674 0.00018049955918123713
48.6380247601773 48.6380247601773 0.00018778662693293244
46.842895225081 46.842895225081 0.0001943015560051279
47.2593094509512 47.2593094509512 0.0001785360642247778
51.2603778826388 51.2603778826388 0.00021889330442268894
50.3764704627483 50.3764704627483 0.00019439190717458171
46.8882266872933 46.8882266872933 0.00020016833243558728
51.3177898117918 51.3177898117918 0.00021063215113123834
46.7266025115886 46.7266025115886 0.0001764026207437347
50.5391261236254 50.5391261236254 0.00016173046594945636
49.2139708313925 49.2139708313925 0.00015343432895123773
49.6304855090627 49.6304855090627 0.00014862876229933475
50.7492477787497 50.7492477787497 0.00018316670606432575
47.4044840031302 47.4044840031302 0.00011858462567661372
51.2509479235716 51.2509479235716 0.00016389605488379357
50.999346639608 50.999346639608 0.00015889172199984943
46.4550625594025 46.4550625594025 0.00015996678290747585
46.6324844241246 46.6324844241246 0.00015288402329213875
49.3591941000739 49.3591941000739 0.00012947021165569052
50.6288879654825 50.6288879654825 0.00014727054525790403
46.3890947550157 46.3890947550157 0.0001653308336539703
50.5091079934585 50.5091079934585 0.00016967394122512837
46.7983295759095 46.7983295759095 0.00013224263174574285
47.506759483797 47.506759483797 0.00016343162846497834
49.7490208601648 49.7490208601648 0.00015685877275607913
47.8058581966698 47.8058581966698 0.00015264897988608717
51.1089103884981 51.1089103884981 0.0001694625923919078
50.7847801060436 50.7847801060436 0.0001725178464097228
47.6708001103458 47.6708001103458 0.0001794751311855003
51.0217512483784 51.0217512483784 0.00016699982054510978
49.4864092584382 49.4864092584382 0.00015590281603446092
48.9979868301877 48.9979868301877 0.00013828814310128318
49.7752294130817 49.7752294130817 0.00015676987063497415
51.3314519570964 51.3314519570964 0.00015533890638002644
47.1953737618804 47.1953737618804 0.00011001132292598545
47.9788065462309 47.9788065462309 9.024868216146216e-05
47.1482964519395 47.1482964519395 0.00012912598443625382
51.0058041302131 51.0058041302131 0.0001063109857801208
48.8442745904252 48.8442745904252 0.00013772258447899294
51.1111452502109 51.1111452502109 0.00015871838612971644
49.623244149527 49.623244149527 0.0001500260767651976
46.6212003744592 46.6212003744592 0.00011425984236546038
47.0975259008387 47.0975259008387 0.00012697686500960368
49.3266086952717 49.3266086952717 0.00010878245571846586
51.4328895958631 51.4328895958631 0.00014282360189206696
50.1762237316569 50.1762237316569 0.00012906363312133241
47.9079050291321 47.9079050291321 0.00010561049469315176
48.5792290287012 48.5792290287012 0.0001388059187552854
47.8830088740618 47.8830088740618 0.00011333581769651313
50.6317949954545 50.6317949954545 0.00011982567150618842
50.4686625077652 50.4686625077652 0.00012561317159558809
47.4133797327592 47.4133797327592 0.00011799269304611238
50.987491149917 50.987491149917 0.0001081520205238558
50.5081319980975 50.5081319980975 0.0001112363792559146
46.9126785496603 46.9126785496603 0.00010905445567240754
51.6806390625461 51.6806390625461 0.00012220792725303623
49.2641001312373 49.2641001312373 0.000136577553431688
49.68858955985 49.68858955985 0.00011341862120915865
50.1178197262405 50.1178197262405 0.0001327664097861151
48.2177877494204 48.2177877494204 0.00010610551735500099
48.96232272022 48.96232272022 8.776341858383118e-05
49.194571545507 49.194571545507 9.220813633127428e-05
50.7933864857226 50.7933864857226 9.31063480503931e-05
51.2190799881364 51.2190799881364 7.299633559621022e-05
47.5562934716031 47.5562934716031 7.358853812873451e-05
50.3493044239453 50.3493044239453 9.018816424461717e-05
49.9049506465495 49.9049506465495 0.00013004725440015206
50.2627008125845 50.2627008125845 0.00011663546688467351
50.5476992404155 50.5476992404155 0.00012342820257669524
49.452854594473 49.452854594473 0.00012276698531876919
48.4313492653008 48.4313492653008 0.0001418881686376481
51.5166822166336 51.5166822166336 0.00014671902328132816
48.6282131728872 48.6282131728872 0.00014043223221867776
50.7667197222296 50.7667197222296 0.00012800437606866422
47.0009311407603 47.0009311407603 0.00012234656616539873
50.4552463461195 50.4552463461195 0.00014564910309121875
47.6628136460934 47.6628136460934 0.00014534790247050573
49.7104946878201 49.7104946878201 0.00013742212300029588
47.6680736831489 47.6680736831489 0.00013754732669653933
50.6676447054384 50.6676447054384 0.0001318017429581271
50.8307515312871 50.8307515312871 0.00018176752740600873
47.7637809218124 47.7637809218124 0.00016494359911311483
51.7125200987706 51.7125200987706 0.00018695023436235774
51.2841488183697 51.2841488183697 0.00018747617149394828
46.9369321961974 46.9369321961974 0.00016394374248078402
48.4198661319347 48.4198661319347 0.00014942280987409443
49.1084343605086 49.1084343605086 0.00014754338592016722
50.6210037018819 50.6210037018819 0.00011714832910531929
50.2619340644289 50.2619340644289 0.00015504430517284466
50.7484702771621 50.7484702771621 0.0001812518741118861
49.0589256498291 49.0589256498291 0.0001552699316590165
50.1580589175955 50.1580589175955 0.00018316078654840434
47.5429939109999 47.5429939109999 0.00015428492516599278
48.9032341005658 48.9032341005658 0.00013886077728437064
51.6217004656016 51.6217004656016 0.00018842891055136077
47.2645632436375 47.2645632436375 0.00015718306657683747
49.6381259941945 49.6381259941945 0.00016302546903651435
47.3767639385022 47.3767639385022 0.00015364137789222518
48.5314297091009 48.5314297091009 0.00014950346392812586
50.674825057707 50.674825057707 0.00013349680925392145
50.6951345096972 50.6951345096972 9.655293881978693e-05
49.7262911997037 49.7262911997037 9.67258699780276e-05
49.0862519909661 49.0862519909661 0.00011930811071963546
47.7590161429927 47.7590161429927 8.900865401691089e-05
49.3396880666312 49.3396880666312 7.992777161826625e-05
48.5318813962975 48.5318813962975 7.86085308009025e-05
48.5740689804717 48.5740689804717 0.00010228024941569477
50.4189015951612 50.4189015951612 9.391506058868444e-05
48.1609077407934 48.1609077407934 6.82202345197195e-05
50.6750546679005 50.6750546679005 8.000492063041827e-05
51.8012722458641 51.8012722458641 7.9658753622157e-05
47.908152365644 47.908152365644 8.336268863663939e-05
48.7697889087212 48.7697889087212 7.891914537147043e-05
49.2171540528642 49.2171540528642 0.00010550743277850638
51.4471601915972 51.4471601915972 0.00011237060849123622
49.308784866174 49.308784866174 0.00011367992010578409
50.2294592064662 50.2294592064662 9.14010617514644e-05
49.6702280842063 49.6702280842063 0.0001345446998487883
52.0908610791733 52.0908610791733 0.00011371511940583353
48.6022063192223 48.6022063192223 0.00011786044489943562
51.8334660259869 51.8334660259869 0.00013827361062586458
49.4251437788361 49.4251437788361 0.00016975924701572822
51.8201151799488 51.8201151799488 0.0001486401645261084
47.853605115968 47.853605115968 0.00014500415540395542
51.3618335212688 51.3618335212688 0.00014728587801455853
49.3887608427853 49.3887608427853 0.0001555757511963022
51.5241692602653 51.5241692602653 0.00019141826679576344
49.4684654363998 49.4684654363998 0.0001298266490470214
48.5105682382878 48.5105682382878 0.00011749544350819364
47.6393883596176 47.6393883596176 0.00011152763652994699
50.5054144725186 50.5054144725186 0.00014676758929729844
49.2528629018765 49.2528629018765 0.00015105092558330392
47.5370519738895 47.5370519738895 0.0001246737079129129
49.5046181149782 49.5046181149782 0.00015178209879751365
48.795050970194 48.795050970194 0.00017123425837504579
51.9618207045366 51.9618207045366 0.0001550855757009888
48.7654820659256 48.7654820659256 0.00015929644978507598
49.7521613398174 49.7521613398174 0.00012035657670838282
51.1230680278921 51.1230680278921 0.00010922417747941612
48.7895936627074 48.7895936627074 6.489261113142934e-05
52.1669314379423 52.1669314379423 9.250039760045427e-05
49.6728524923788 49.6728524923788 9.408374792283078e-05
51.45969367739 51.45969367739 7.879263170470774e-05
50.314920032102 50.314920032102 8.107978052996796e-05
50.4235042875839 50.4235042875839 0.00011374866632536506
50.8568960469302 50.8568960469302 0.00012496150850566074
51.7133583012131 51.7133583012131 0.00012911071769720583
49.9787664590003 49.9787664590003 0.00012476324570004428
47.6002478599707 47.6002478599707 0.00014181960308172438
51.3722703364232 51.3722703364232 0.00013442418628303458
50.1575153141869 50.1575153141869 0.00013122792843536446
47.4727499604076 47.4727499604076 0.00011655216324370057
51.0262925439093 51.0262925439093 8.009380447148308e-05
49.3742587755617 49.3742587755617 7.54877437203052e-05
47.5581391117586 47.5581391117586 8.992096945045106e-05
50.56810930485 50.56810930485 6.916391536483912e-05
51.1400376990917 51.1400376990917 7.404633798101358e-05
47.8775859486856 47.8775859486856 5.777261777208961e-05
51.9678026098669 51.9678026098669 5.431220232847214e-05
50.8063694089098 50.8063694089098 5.7209123402596505e-05
49.2137787268302 49.2137787268302 0.00010483438145013616
48.8769938291589 48.8769938291589 0.00013751919997269426
49.4886568955761 49.4886568955761 0.0001273004745578448
52.0025043835122 52.0025043835122 0.0001462737882503736
52.0505425384211 52.0505425384211 0.00013385451692151553
50.5466731100507 50.5466731100507 0.0001441508541344238
47.3665925432395 47.3665925432395 0.00011413975125208621
49.9493887732255 49.9493887732255 0.0001123314561590904
52.2260181528207 52.2260181528207 0.00011113162459670537
51.8644346782926 51.8644346782926 0.00012702696155563627
49.9562938598942 49.9562938598942 9.627414677760584e-05
50.0715181632879 50.0715181632879 9.847298379503001e-05
50.2048455346111 50.2048455346111 0.0001309643569753518
48.2788784679494 48.2788784679494 0.0001220525873158091
