18.4930248131948 18.4930248131948 1.22938180356479e-05
18.4793523667468 18.4793523667468 0.0001181343682450169
17.2069983493553 17.2069983493553 7.476588495153267e-05
18.9320021383553 18.9320021383553 8.318959905828847e-05
17.3980533323129 17.3980533323129 0.00014120911411039818
17.0920224472893 17.0920224472893 3.3391782440451825e-05
18.703575933667 18.703575933667 1.2506546299608292e-05
17.104353399672 17.104353399672 4.7597305709032936e-05
17.1733069667112 17.1733069667112 0.00017465951656689247
18.1714613585275 18.1714613585275 1.1659002441972048e-05
18.7923165633137 18.7923165633137 5.469490021292882e-05
18.7249359816507 18.7249359816507 0.00021902774608363585
17.6096353568913 17.6096353568913 0.0001654004144936495
17.2774832176318 17.2774832176318 2.4017315508844583e-05
17.885960400166 17.885960400166 4.073171481968693e-05
18.2976775215957 18.2976775215957 3.8017413283493485e-06
18.0736889325231 18.0736889325231 9.175233799512368e-05
18.6548063567304 18.6548063567304 0.00019429207060593412
18.068757333729 18.068757333729 0.00017024610850214242
18.3612995364471 18.3612995364471 0.00014906620714450025
18.5549566563015 18.5549566563015 6.166270027843811e-05
17.5816972229046 17.5816972229046 0.00010055892435684154
18.172629731711 18.172629731711 7.255999779621023e-05
18.7909115249608 18.7909115249608 0.00022503162872578725
17.1626005461734 17.1626005461734 9.856933301841236e-05
17.6054210048233 17.6054210048233 0.00014467977091686958
17.8123000093129 17.8123000093129 0.00022520133965699132
17.3460792588799 17.3460792588799 8.984946013635613e-05
18.4943908223667 18.4943908223667 0.00015209083896110205
18.5357831194211 18.5357831194211 0.00027056863669448517
18.2847819882221 18.2847819882221 0.00013322163285500483
17.7298998254356 17.7298998254356 4.000632142044964e-05
18.108375404974 18.108375404974 0.00020179501426156323
17.1555126644138 17.1555126644138 8.718539775201935e-05
18.6268289154428 18.6268289154428 4.682349150987311e-05
18.5106953760456 18.5106953760456 5.9023918667561884e-05
18.094886517344 18.094886517344 0.00012421004383870234
18.0051257236485 18.0051257236485 0.0002386525776121985
18.6793659709519 18.6793659709519 0.00012026786076739348
18.1558389480588 18.1558389480588 4.80892564605707e-05
17.1660351304266 17.1660351304266 0.00029014442616883296
18.2531039565053 18.2531039565053 0.0003145962604967617
18.3610464019829 18.3610464019829 4.5722869285609905e-05
18.9402754031651 18.9402754031651 8.414190159365789e-05
17.569619559294 17.569619559294 0.00019295708021209614
18.926801220636 18.926801220636 0.000405306868659568
17.578634398723 17.578634398723 0.00011452376685485607
17.1930733430209 17.1930733430209 0.00021107002351914453
19.0806990205223 19.0806990205223 0.00012996455026733456
17.7412051436716 17.7412051436716 2.6798377312596555e-05
19.0812699150757 19.0812699150757 0.00011478002852599992
18.7603172847553 18.7603172847553 6.376096731194781e-05
18.535048351606 18.535048351606 0.00025316525860544155
17.4912593120808 17.4912593120808 0.0004021150437612818
17.7632919283454 17.7632919283454 0.00042324078905199656
17.4440466261829 17.4440466261829 0.00039828197295643146
18.724164741218 18.724164741218 0.0005053435645791931
17.9738143246757 17.9738143246757 0.0003465753615896427
17.5372176492342 17.5372176492342 3.3824640200223265e-05
17.7553318656556 17.7553318656556 0.00020148067687796636
17.8946701686125 17.8946701686125 0.00020917197253918985
18.571751271969 18.571751271969 0.00036195873901457285
18.9975607827891 18.9975607827891 0.0004211668527910233
19.0116760770915 19.0116760770915 0.00042315790928703224
17.9306728215116 17.9306728215116 0.00017648330143155792
17.7194122883627 17.7194122883627 0.00018410799317434916
18.617077906238 18.617077906238 0.00032676896568719114
18.3866513852436 18.3866513852436 0.0004704995740732872
17.3503868004132 17.3503868004132 0.000427805468016593
17.4837545970778 17.4837545970778 0.00010874300203050882
18.8510636023203 18.8510636023203 2.649465134024013e-05
18.2537421458135 18.2537421458135 0.00041731227700385326
17.4609851061789 17.4609851061789 0.00030429187076201153
18.7618802848008 18.7618802848008 0.0002490787651787734
18.8219528680563 18.8219528680563 3.801527802225471e-05
18.5374160673061 18.5374160673061 0.0005979410707765673
18.973804909511 18.973804909511 0.0004317721768500051
18.3731318952685 18.3731318952685 0.00011637942139261491
19.1591272319177 19.1591272319177 0.0001902432634878427
19.0239971605109 19.0239971605109 0.0006026247679085915
17.5534575391828 17.5534575391828 0.00038850031840113663
18.5876278752903 18.5876278752903 0.00042429733354493675
18.2519505459321 18.2519505459321 0.0006278986463836724
17.9321621557073 17.9321621557073 0.00028278152071996375
17.5189196927247 17.5189196927247 0.000119732576594633
19.1214629499892 19.1214629499892 0.0001848689846441527
17.4337008707951 17.4337008707951 7.029995417066673e-05
17.7087150948937 17.7087150948937 3.8688326798058564e-05
18.2902052011544 18.2902052011544 0.0002532341216312922
19.0846431745279 19.0846431745279 0.0004749666817860789
18.0472645920013 18.0472645920013 0.00042051225700166875
18.6249350983605 18.6249350983605 0.00015599408313007038
17.6512203851532 17.6512203851532 0.0005557094204591059
18.5521278890001 18.5521278890001 0.0003591269582354125
18.393169528057 18.393169528057 6.144252862441473e-05
17.3646104440643 17.3646104440643 0.00041835564533568493
19.1187332636781 19.1187332636781 0.000259230081592819
18.9167647638977 18.9167647638977 0.0006010711819932823
18.8683399856845 18.8683399856845 6.362462428825903e-05
18.4318757897541 18.4318757897541 0.0005827721007188963
17.3828547912392 17.3828547912392 0.00042847265734363975
18.6434618294852 18.6434618294852 0.0002755816992225231
17.3439201419048 17.3439201419048 0.00030224159425815047
17.5842200064044 17.5842200064044 0.0005433682136613192
18.4680232920392 18.4680232920392 0.00011182962983276952
18.2053126343044 18.2053126343044 0.00026616390480260565
18.6213512146563 18.6213512146563 0.00016294206201926574
18.2244506881583 18.2244506881583 0.0001804814715730824
18.8517094732862 18.8517094732862 0.00034531331587122846
18.3074713046249 18.3074713046249 0.0003426773531967893
17.86539037504 17.86539037504 0.00013386449664636455
19.0577658713074 19.0577658713074 0.0003586950462138094
18.6156136804049 18.6156136804049 0.00028076099908690936
17.5242780654212 17.5242780654212 8.924111890329633e-05
17.8950007152322 17.8950007152322 0.00040702073535627914
18.5915709277704 18.5915709277704 4.950607297715793e-05
18.007779012852 18.007779012852 0.0005595638818341961
18.7692438739227 18.7692438739227 7.700505117491864e-05
18.9358545496605 18.9358545496605 0.0005324464446031365
17.7119079499827 17.7119079499827 0.0006830266929194498
17.9434866279794 17.9434866279794 0.0005391229738726468
18.5357175832493 18.5357175832493 0.000376119366883747
18.1057687825348 18.1057687825348 0.00033235333614364067
18.8847234529478 18.8847234529478 0.0003723130074649799
18.0777953005658 18.0777953005658 0.0005793927008005969
17.6571047801339 17.6571047801339 0.0004534622833363481
18.2045742740769 18.2045742740769 0.0007202942469874743
18.5523418557017 18.5523418557017 0.0005331892382869326
18.2985737277381 18.2985737277381 3.456970717906873e-05
19.0678436985769 19.0678436985769 0.0007129989822473879
18.4197562033862 18.4197562033862 0.00017201242073268316
18.0883799386371 18.0883799386371 0.0006987534436822711
17.9969713076495 17.9969713076495 1.2836294624903823e-05
19.0541456268298 19.0541456268298 2.405392028129911e-05
17.9909463850262 17.9909463850262 0.0008619456418642958
17.8114387076919 17.8114387076919 0.00035969681830915726
18.7397590668182 18.7397590668182 4.4241976242443966e-05
19.2020028522291 19.2020028522291 0.0007922854555860717
18.6374278286324 18.6374278286324 0.0006979293000110858
18.0584518194912 18.0584518194912 0.0002320545109701177
19.1922491712806 19.1922491712806 0.0004604583011574747
17.607562601492 17.607562601492 0.0008047213113520254
18.0792617213726 18.0792617213726 0.0007551150501489494
18.9291825138392 18.9291825138392 0.0005942133398014092
18.895930221548 18.895930221548 0.0009843399555259488
18.2738142619963 18.2738142619963 0.0006440374281503878
18.4724334867413 18.4724334867413 0.001017272347835474
18.0684349131393 18.0684349131393 0.0006512891179631345
18.7387994430203 18.7387994430203 0.00018147263182278787
19.0946086559579 19.0946086559579 0.0009315351503389036
17.6901073873136 17.6901073873136 0.0003753756377857471
18.3474416120172 18.3474416120172 0.0008069043592960023
17.7407515650289 17.7407515650289 0.00023203581685417678
19.1039409065899 19.1039409065899 0.0007262426391302484
19.3721207385462 19.3721207385462 0.001142622476471264
18.1187018141979 18.1187018141979 0.0003748698762212455
19.3679131141226 19.3679131141226 0.0011102944490445953
18.9240096086896 18.9240096086896 0.001151427567463656
17.581841891216 17.581841891216 0.000924143928461624
18.9498828645695 18.9498828645695 0.001205348986737822
18.8028575163191 18.8028575163191 0.00020855767991598953
18.4180402116221 18.4180402116221 0.000909944399247272
18.9730089236432 18.9730089236432 0.001269859974532804
19.2434539619445 19.2434539619445 0.0011215148978849221
17.6323758177193 17.6323758177193 0.0007396964960054223
17.7289571958691 17.7289571958691 0.0007894064483972655
17.9619081861053 17.9619081861053 0.0006473172622017587
17.7284303937502 17.7284303937502 3.333859639157225e-07
17.74467528155 17.74467528155 0.00017959223777512143
18.6602456880328 18.6602456880328 0.0010481499930275829
18.9252061241783 18.9252061241783 0.00018948257189914882
18.6095506046514 18.6095506046514 0.0009569334210209192
17.5067874959453 17.5067874959453 0.0013256648859044347
18.0223635369714 18.0223635369714 0.00023894878285718956
19.3397379540157 19.3397379540157 0.00034394364969356645
18.1811802672009 18.1811802672009 0.0007438433410921651
17.6868979907702 17.6868979907702 0.000642309717234645
18.3112695709042 18.3112695709042 0.0013167533978204425
18.6407050763746 18.6407050763746 0.0004201759468907395
18.7035963331726 18.7035963331726 0.0011191706799036196
17.8632019755561 17.8632019755561 0.0008784974483800058
19.2362580487231 19.2362580487231 0.000410257891808658
18.2961084183968 18.2961084183968 0.0005887899356933564
17.6369930635923 17.6369930635923 0.0001775705375009769
18.467715426176 18.467715426176 0.0005453324333698132
18.7767920396016 18.7767920396016 0.0012782537602091038
19.4864236106477 19.4864236106477 0.0003605662980057338
19.3328574192603 19.3328574192603 0.0004193179516473417
19.3020406710598 19.3020406710598 0.0007143914508241054
19.3498865975549 19.3498865975549 0.000983010014372972
18.9546620706928 18.9546620706928 0.00024219857546027714
18.455068918259 18.455068918259 0.0008804574256198168
17.8658135150098 17.8658135150098 0.0014207350801863556
18.8846310033885 18.8846310033885 0.00016159032650098985
18.7634738001709 18.7634738001709 0.0012148507122567039
17.6420219216754 17.6420219216754 0.0008767481041738537
18.5474676216756 18.5474676216756 0.00103267137087227
18.3232839899349 18.3232839899349 0.001432508419617675
19.4468414802489 19.4468414802489 0.0003674480197575926
18.8597316994251 18.8597316994251 0.001013952837352571
18.2723922479062 18.2723922479062 0.0007780086162305322
18.2554259967126 18.2554259967126 0.00033079228248010897
18.6441854722827 18.6441854722827 0.0005378965302664381
17.717980277295 17.717980277295 0.0005006324526475671
18.0279196264851 18.0279196264851 0.0012288556089610403
18.7049989417911 18.7049989417911 8.613638066114836e-05
19.53089195917 19.53089195917 0.0013786953236701804
19.1158971190056 19.1158971190056 0.0011878519119961294
19.0309212777264 19.0309212777264 0.0005918329859432406
19.0169160004093 19.0169160004093 0.0008068279683479275
18.2344801990521 18.2344801990521 0.0011732096773740279
18.9553547068765 18.9553547068765 0.0013277692739273872
17.627459726014 17.627459726014 0.0013887249782095713
19.4713478395857 19.4713478395857 0.0007071758558857529
19.2932006025961 19.2932006025961 0.0008843624125367951
19.5184123904546 19.5184123904546 0.0010336255754005395
18.684528436346 18.684528436346 0.00023349310262131166
18.4672454065217 18.4672454065217 0.0011703430715764907
19.5273923617726 19.5273923617726 0.0011932869354362736
18.4371405147607 18.4371405147607 0.00019523471799153295
19.3819078538931 19.3819078538931 0.0011044269559348004
18.4910336851403 18.4910336851403 0.0004282527917452771
17.649893404794 17.649893404794 0.0015290009186714293
18.3591585296143 18.3591585296143 0.00032141240265978066
18.6195313382451 18.6195313382451 0.00023048981597929727
18.9913052462743 18.9913052462743 0.0011978619817152563
18.4820344663812 18.4820344663812 0.0004795577086611787
18.741417383565 18.741417383565 0.0010607000216943322
18.8694586460823 18.8694586460823 0.0003035239497629957
18.8588149908301 18.8588149908301 0.0013823102897323985
18.3595970889548 18.3595970889548 0.0002915840203155916
18.5758384699791 18.5758384699791 8.803015391803119e-05
19.1740629056696 19.1740629056696 0.0012991337127189748
18.0486523944185 18.0486523944185 0.0006655763543264179
19.0673589488503 19.0673589488503 0.0009657194747735155
17.7156256653905 17.7156256653905 0.0005661432047361595
19.3917125053041 19.3917125053041 0.0006130762498413475
18.8494845423927 18.8494845423927 0.00017262286423517283
17.8178240197729 17.8178240197729 0.0004979671857681617
18.373861198216 18.373861198216 9.673532256329597e-06
19.3904398061876 19.3904398061876 0.00037036803036625713
18.7640093770042 18.7640093770042 0.0002409422380562769
17.8723666336978 17.8723666336978 0.0007415804810889673
17.7680121320436 17.7680121320436 0.0005847714235692632
18.8143008893854 18.8143008893854 0.0011139977212893193
18.6138615058523 18.6138615058523 0.000603443704198394
19.5475454226592 19.5475454226592 0.001425933341083014
17.9974279658144 17.9974279658144 0.0013355883555975102
19.2462615703601 19.2462615703601 0.001273904838627428
19.2669472693825 19.2669472693825 0.0005606554730555518
18.6804420938628 18.6804420938628 0.0003647721589158333
19.2277786585816 19.2277786585816 0.0005626422432448235
19.3489238601684 19.3489238601684 0.0002704457520305729
18.9270697337857 18.9270697337857 0.0017768633661103938
17.9558299398578 17.9558299398578 0.001565037028363359
19.6683119736975 19.6683119736975 0.0017610269778347816
18.8224280313309 18.8224280313309 0.00026847240340401534
18.9082598666957 18.9082598666957 0.0005744009509121344
18.2158699985935 18.2158699985935 0.0004429291108742853
18.8896935165232 18.8896935165232 0.00020302526776473661
18.5378568014231 18.5378568014231 0.0017153000884742918
18.5096157265144 18.5096157265144 0.0005750170464302061
18.2399778745985 18.2399778745985 0.000540251472792548
18.597898165329 18.597898165329 1.3090681474875765e-05
19.124315373307 19.124315373307 0.0007583421460220577
18.5706496062628 18.5706496062628 0.0007495821278638111
19.3055370663791 19.3055370663791 0.0011431914440648745
19.1542387797384 19.1542387797384 4.0890643183269594e-05
19.3071225769802 19.3071225769802 0.00047824462068708795
17.7794764259214 17.7794764259214 0.0012766343342403184
18.3500713716719 18.3500713716719 0.0005847823958114218
19.6261115035356 19.6261115035356 0.0012352299390142453
18.0082344842891 18.0082344842891 0.00014981814335460165
19.1459998297036 19.1459998297036 8.920420548604467e-05
17.8264756764192 17.8264756764192 0.0008644966762255162
19.2153278841407 19.2153278841407 0.0014314279671760715
19.2766957674006 19.2766957674006 0.0016626193628355153
19.6310417133127 19.6310417133127 0.0008357188050199941
19.2630926811048 19.2630926811048 0.0013621651618751392
18.369918686966 18.369918686966 0.0017010217234009414
18.3735389303854 18.3735389303854 0.0004506109942193975
18.8895610763938 18.8895610763938 0.0018352822762442034
18.8741307735148 18.8741307735148 0.00038308407538710054
19.3849403270574 19.3849403270574 0.0008223305854447847
19.583636134074 19.583636134074 0.0003225262409704093
18.1700914134618 18.1700914134618 0.0019513290232533172
19.3895219937029 19.3895219937029 0.0009968702966743753
17.966513003013 17.966513003013 0.0010255971700060072
19.4045676169438 19.4045676169438 0.00019157297352773105
18.2643469253205 18.2643469253205 5.189656813525626e-05
18.8352632628855 18.8352632628855 0.0012598035646542098
18.7535881685538 18.7535881685538 0.0016535953827717983
19.4806664640167 19.4806664640167 0.00012910055194245308
18.2357345453079 18.2357345453079 0.0009590872460835934
18.1582357630404 18.1582357630404 0.0016545215643617183
19.7608793220123 19.7608793220123 0.00027063630867936136
19.1090609537599 19.1090609537599 0.0010073011690611658
19.2053960465682 19.2053960465682 0.0020907300785190028
17.9385016982095 17.9385016982095 0.0007774279505117349
18.439262617955 18.439262617955 0.0007900116745309278
18.0708437655801 18.0708437655801 0.0012911107197467345
19.3736829774419 19.3736829774419 0.0004032684190619218
18.8623960626798 18.8623960626798 0.001334739953787673
17.9489398096073 17.9489398096073 0.0020397836072818935
19.1710978592445 19.1710978592445 0.0016378067545880213
19.7850344372968 19.7850344372968 0.00020007469539669347
19.099962006616 19.099962006616 0.0017494122207167195
19.0149598879723 19.0149598879723 0.002157885653428363
19.7259201288483 19.7259201288483 0.0018797492811981492
18.4114686225193 18.4114686225193 0.0004931556772977213
19.7172991161775 19.7172991161775 0.00011436266277753874
18.924200651901 18.924200651901 0.0005031808367819768
18.4821262052838 18.4821262052838 0.0016085374429117753
18.5290491919186 18.5290491919186 0.0012531429974094203
18.8549471158264 18.8549471158264 0.001165377502151804
18.4684899981151 18.4684899981151 1.9630488747189472e-05
17.8836196654515 17.8836196654515 0.0001795338989743427
19.1124387032225 19.1124387032225 0.0005622496010368166
18.5774671000644 18.5774671000644 5.885741239224581e-05
18.2711967946956 18.2711967946956 0.001732117060886352
18.9697841928224 18.9697841928224 0.0003503627578629637
18.8882194870104 18.8882194870104 0.0009629531933362655
19.3492840676808 19.3492840676808 0.001916431730341882
18.0514544663036 18.0514544663036 0.0018586414346346326
17.9630482124895 17.9630482124895 0.0025446308125075495
19.3445117969256 19.3445117969256 0.0020561785515255592
18.0185469264314 18.0185469264314 0.0003559585746575647
19.8460020151459 19.8460020151459 0.0003754061324641011
19.4997745118375 19.4997745118375 0.001704480133398057
18.3525714975624 18.3525714975624 0.00014191540853051416
19.0351961759147 19.0351961759147 0.002157699251247068
19.3969874709183 19.3969874709183 0.002019477055923796
19.8035560566383 19.8035560566383 0.0010638218328937355
19.8326786496582 19.8326786496582 0.0012763072644114556
19.0093684974678 19.0093684974678 0.002411077935757844
18.8813827940557 18.8813827940557 0.0025468171750076462
18.4599935772442 18.4599935772442 0.0022976837516321255
18.523010585764 18.523010585764 0.0011381529985996168
18.6584700211051 18.6584700211051 0.0021267749555640846
19.7212174970664 19.7212174970664 0.0023325170860840415
19.3231386998673 19.3231386998673 0.0012413090739461633
19.189624196756 19.189624196756 0.0012072533478156837
18.80320856972 18.80320856972 0.00251106553079857
19.7248398253929 19.7248398253929 0.0016071395241247166
18.0693476478836 18.0693476478836 0.00029855129256390993
19.2430644709185 19.2430644709185 0.0027172013274263883
18.1743450480244 18.1743450480244 8.104875023786489e-05
18.8488426100909 18.8488426100909 0.0028102723163166855
19.4489767006123 19.4489767006123 0.000996676094059003
17.9699586497813 17.9699586497813 0.0002733332914397132
18.2548287795137 18.2548287795137 0.0003058754272252684
19.7043070954298 19.7043070954298 0.002635895364422285
18.8249803330539 18.8249803330539 0.0021040573057498355
18.4716250113488 18.4716250113488 0.0033180107254116645
18.8472014047406 18.8472014047406 0.0006482281906241324
18.7951903522834 18.7951903522834 0.002310256989120723
18.0024472478787 18.0024472478787 0.0028451892353157024
18.6222047789549 18.6222047789549 0.002289771778134997
19.264574300144 19.264574300144 0.001504381514040311
18.8527178540244 18.8527178540244 0.000768017461462422
18.7849839401411 18.7849839401411 0.0038995798306172506
19.3217418065462 19.3217418065462 0.00037036482637280133
18.4073838108271 18.4073838108271 0.0018647669110985919
18.1899630019293 18.1899630019293 0.00039308617164195283
19.205945214807 19.205945214807 0.0008595322521587289
18.7431112668706 18.7431112668706 0.0015204765914420425
18.0931492165139 18.0931492165139 0.0019213689724374072
18.4853910054302 18.4853910054302 0.0002779912595846119
18.8734316588939 18.8734316588939 0.00279301956667948
18.4652618307642 18.4652618307642 0.0024688653592939815
19.6922307374237 19.6922307374237 0.0031970995785063584
19.6219715199213 19.6219715199213 0.0036077231395956447
19.790553584711 19.790553584711 0.004344993763786279
19.0709108581571 19.0709108581571 0.0024371482651227207
18.7968468761101 18.7968468761101 0.0010494545078130852
18.2619501015174 18.2619501015174 0.003883110540715427
18.3900891340283 18.3900891340283 0.004471948381445951
19.0161469314889 19.0161469314889 0.003912428323489283
19.546032573358 19.546032573358 0.003291238921739888
18.7103027658177 18.7103027658177 0.0005229594698382995
19.6300911085327 19.6300911085327 0.0022489060924291183
18.5630488484514 18.5630488484514 0.002908703926087983
18.5609060728966 18.5609060728966 0.0016946908962984415
19.2112023157344 19.2112023157344 0.0036566557360052988
18.4553913414072 18.4553913414072 0.0011005633399866594
19.14632975928 19.14632975928 0.0024377940696290873
19.3867054615752 19.3867054615752 0.004599219442509847
19.8550299052955 19.8550299052955 0.0041327354391976845
19.8464908973126 19.8464908973126 0.00256597479350874
19.0678438884458 19.0678438884458 0.0034930322524411883
18.7789752173013 18.7789752173013 0.0014082639835641974
19.9744802740819 19.9744802740819 0.0034845415016885027
18.9874761512546 18.9874761512546 0.0019525931132823638
19.9178990264018 19.9178990264018 0.0028977975491507957
19.3524323866747 19.3524323866747 0.0007365195015005573
18.0790141272606 18.0790141272606 0.0011254520701376852
19.0895770656358 19.0895770656358 0.0007815561397476585
18.9618586571239 18.9618586571239 0.00153668313642341
18.4174692188632 18.4174692188632 0.002801057857338276
18.22317560131 18.22317560131 0.00027164341682933625
19.0899223839083 19.0899223839083 0.0008313898054355221
18.6047094298915 18.6047094298915 0.004464043049466
20.073537112481 20.073537112481 1.8788933743188103e-05
18.1618554838425 18.1618554838425 0.0018573438875247228
18.5261300756173 18.5261300756173 0.003053204827410751
18.4319108428263 18.4319108428263 0.005424559701431389
18.7475590855057 18.7475590855057 0.004489101817476045
19.7284087127081 19.7284087127081 0.0008795375217068293
19.1711247857807 19.1711247857807 0.0016694961119737117
19.5514149324032 19.5514149324032 0.00021715359528295838
19.4769915674841 19.4769915674841 0.004646721905861605
18.3002963753008 18.3002963753008 0.0029688619145541474
19.266218288551 19.266218288551 0.002885834148109345
18.7830338028178 18.7830338028178 0.0037497449054537725
19.8498949291666 19.8498949291666 0.00030815957374126214
18.5488135426602 18.5488135426602 0.00027992521178835404
18.9312862734387 18.9312862734387 0.001992103509450106
19.2569217085397 19.2569217085397 0.0007858510441116035
19.4163278373239 19.4163278373239 0.0013593639369733827
18.9316668192054 18.9316668192054 0.0009695386491957346
19.0563118576808 19.0563118576808 0.0005068934405086988
19.7447660524685 19.7447660524685 0.0022875476497284148
18.6348722754131 18.6348722754131 0.004434850896944637
19.9213424612159 19.9213424612159 0.0023096055563017206
18.9309209402197 18.9309209402197 0.005997224819178356
19.6724930945908 19.6724930945908 0.005672742738411293
19.8681432123468 19.8681432123468 0.0032983538090009187
18.5960617567083 18.5960617567083 0.003643992647283404
19.8635649034682 19.8635649034682 0.0008608572765732526
19.3708728152983 19.3708728152983 0.0020040356599641466
18.3027991248583 18.3027991248583 0.006589454766559921
19.5320105560638 19.5320105560638 0.003742216811503782
19.5933075858879 19.5933075858879 0.0001331680093415979
19.9600583189716 19.9600583189716 0.0014725590125758774
19.0416959687601 19.0416959687601 0.000979328560221421
19.7481680249612 19.7481680249612 0.0005811090807896246
18.2296309323531 18.2296309323531 0.003090559401392052
19.6800227887642 19.6800227887642 0.0030325125162606074
20.0653399171709 20.0653399171709 0.0023990855368267814
18.1931094706849 18.1931094706849 0.006439395052952435
18.6592547263757 18.6592547263757 0.005841613621482483
18.6949911227361 18.6949911227361 0.002259451479419109
18.2612230395405 18.2612230395405 0.00681187028223385
19.828163475664 19.828163475664 0.0016652816241696535
19.4530863216758 19.4530863216758 0.0029070312882009093
20.1232375615286 20.1232375615286 0.005368913844299071
19.6458514512518 19.6458514512518 0.0059243479730444835
20.2276932424894 20.2276932424894 0.002858041351280614
18.5576656467554 18.5576656467554 0.006410224443149155
18.3026800482439 18.3026800482439 0.0018449938935886385
19.0757811530762 19.0757811530762 0.0014487462538518132
18.6173917788337 18.6173917788337 0.00215184332247197
18.3868105376463 18.3868105376463 0.0001188171049238531
20.1331447794045 20.1331447794045 0.005141092756429546
19.0516440836387 19.0516440836387 0.004273063905589744
19.1805827363644 19.1805827363644 0.0024491954874120486
19.6333714355214 19.6333714355214 0.006358648949287402
19.8756036456152 19.8756036456152 0.0033817104659597005
18.5051614066368 18.5051614066368 0.0020745067373033675
18.4166404476619 18.4166404476619 0.005924281415896209
19.1060998128046 19.1060998128046 0.007357369564062526
18.4257924402924 18.4257924402924 0.0008119309182397761
18.280736867657 18.280736867657 0.00139572200273629
20.1594174743727 20.1594174743727 0.0013895640850442614
20.0252493756006 20.0252493756006 0.004817114943849881
19.4280377454239 19.4280377454239 0.006534876651828514
19.6448764192786 19.6448764192786 0.005470958723880321
19.0973131784682 19.0973131784682 0.0020144063294809476
18.6585568139827 18.6585568139827 8.483935303407713e-06
19.405777482169 19.405777482169 0.007106829291944188
19.0485189822626 19.0485189822626 0.0026772974223026567
18.3869351325461 18.3869351325461 0.0016225420949052076
18.3150826071147 18.3150826071147 0.0044916157462576226
19.6858067811614 19.6858067811614 0.0060593555385367375
18.5759415048216 18.5759415048216 0.006463122841011236
18.9781084444967 18.9781084444967 0.001910540418758994
18.8282668299113 18.8282668299113 0.004201676540887401
19.9601526737283 19.9601526737283 0.0006542019939583113
18.5245697539724 18.5245697539724 0.0006572219651243442
20.3133039851496 20.3133039851496 0.00408171294162653
18.4800235207655 18.4800235207655 0.0010546230359324612
19.0237870291715 19.0237870291715 0.0003339621946120445
19.1693781323875 19.1693781323875 0.0032974198384869463
19.1115995006056 19.1115995006056 0.0030707062584392946
18.9661241567079 18.9661241567079 0.0011718965696842815
19.3047065812555 19.3047065812555 0.0045498759758178684
19.350406166507 19.350406166507 0.0011050731684368253
19.863525194068 19.863525194068 0.0026375192944252403
20.1759883705644 20.1759883705644 0.007555280660088155
20.1179339183702 20.1179339183702 0.0009228754916955835
19.0750012975373 19.0750012975373 0.0008887930336459577
18.7051636487125 18.7051636487125 0.0016496746333207
18.9740308227832 18.9740308227832 0.004968439323755898
19.2063810386717 19.2063810386717 0.007549866568747404
18.9465302108009 18.9465302108009 0.0042808296341682395
20.1598123645949 20.1598123645949 0.003963918732345124
19.5186447383972 19.5186447383972 0.005416865638369729
19.1502717473144 19.1502717473144 0.0075150620341134
19.6442646475654 19.6442646475654 0.0021418728212174777
19.0371022554659 19.0371022554659 0.0074506646279000775
18.6869520556771 18.6869520556771 0.007362488522920638
19.6897987050267 19.6897987050267 0.0014639979425405724
18.8043192220002 18.8043192220002 0.0006850280775333855
19.6873743123987 19.6873743123987 0.002643691366565323
19.2150596637167 19.2150596637167 0.004785727101344524
18.838145402659 18.838145402659 0.0017961760349008214
19.9597163337337 19.9597163337337 0.004650459625997035
18.441452364473 18.441452364473 0.006499738283650233
19.9286359801686 19.9286359801686 0.005968553757005166
20.1332706657556 20.1332706657556 0.0003021038178138648
18.7990522883661 18.7990522883661 0.005580750388595817
18.4160999652376 18.4160999652376 0.004290174436892666
18.5921452187554 18.5921452187554 0.0019755378185312505
19.8425325253662 19.8425325253662 0.00010337010544215233
19.4928432932503 19.4928432932503 0.00205276322445224
19.3883591164754 19.3883591164754 0.0021954802197047523
19.9287130040093 19.9287130040093 0.003187958395502338
19.9402068876747 19.9402068876747 0.004157563004015896
19.0543757046338 19.0543757046338 0.000810329385232099
19.8589106490898 19.8589106490898 0.004002117741489667
20.0392957574662 20.0392957574662 0.0005223618112214878
20.4373966800353 20.4373966800353 5.9243442137532886e-05
18.5359298252021 18.5359298252021 0.004449184558824849
19.3505465691666 19.3505465691666 0.0006354035957751178
18.784422340105 18.784422340105 0.0018040795450358254
19.1206839511587 19.1206839511587 0.004765314356911836
19.8547091032144 19.8547091032144 0.00432194913334398
20.1802140925693 20.1802140925693 0.00041926747182785513
19.256380968925 19.256380968925 0.0029882570113054043
19.3718338957033 19.3718338957033 0.00020906384230873792
18.9812649095482 18.9812649095482 0.0012018441043728885
18.4959287979292 18.4959287979292 0.004680657630063057
18.6801580796089 18.6801580796089 0.0015543667297990228
20.3429094913226 20.3429094913226 0.0034464547837502325
19.0521792870311 19.0521792870311 0.0014464966739307081
19.472002717251 19.472002717251 0.005025122812285418
20.0850921135858 20.0850921135858 0.003632895925107028
19.3581086522013 19.3581086522013 0.0019732001864906797
20.1653973416807 20.1653973416807 0.001107082897257461
19.0706699697871 19.0706699697871 0.001863959295782377
20.3298449686086 20.3298449686086 0.0035765460868168106
18.7721650534467 18.7721650534467 0.0034706110272267362
19.9739459721957 19.9739459721957 0.0008034235987019947
18.5625668861475 18.5625668861475 0.00023716308321438051
19.8701946331177 19.8701946331177 0.00328882914009935
18.7303920520796 18.7303920520796 0.001915245960325175
18.486015681161 18.486015681161 0.0009828649512345915
19.246302430601 19.246302430601 0.0034699015296419857
20.1163684192965 20.1163684192965 0.0019317401591638402
18.8683723357466 18.8683723357466 0.0036177795840193257
19.4418607884236 19.4418607884236 0.002181679097075446
20.3848664376726 20.3848664376726 0.00013083645175613953
18.9892417188913 18.9892417188913 1.5174881841660342e-05
19.2232381576103 19.2232381576103 0.002258187643429923
19.8191598651937 19.8191598651937 0.0008789448731244875
20.0171227642312 20.0171227642312 0.0009326991172802894
18.8943937707015 18.8943937707015 0.0006883234693286973
18.5822349080216 18.5822349080216 0.0036731582227395236
20.2241953042496 20.2241953042496 0.003397551022590044
18.539504719051 18.539504719051 0.0009064928526000365
18.7353085325887 18.7353085325887 0.003997737604519972
20.0777288567177 20.0777288567177 0.002968408802770442
18.8177455926722 18.8177455926722 0.00021686140108123202
18.5185867387918 18.5185867387918 0.0032510129604085775
20.4202096697146 20.4202096697146 0.0034111362294709452
19.1479656475137 19.1479656475137 0.0038977725860421713
18.6167715977226 18.6167715977226 0.0009879834659793614
19.5150210404773 19.5150210404773 0.0022002808671041977
18.7670633534461 18.7670633534461 0.0025668104521281445
19.8809841300879 19.8809841300879 0.002706940910481478
19.1038191261872 19.1038191261872 0.0013080673577753315
18.6094975150638 18.6094975150638 0.0009102361597245139
19.8608373186015 19.8608373186015 0.0035011834129425267
19.0823082448783 19.0823082448783 0.001699701474147419
19.5574598099267 19.5574598099267 0.002707778298098374
19.4477879896939 19.4477879896939 0.0030657458656182476
19.3943743552878 19.3943743552878 0.0009787803928407919
19.5691629577047 19.5691629577047 0.00021361130318664178
20.5717958719506 20.5717958719506 0.0009541108545371075
18.7502627641936 18.7502627641936 0.0009752915384737061
19.8895125461579 19.8895125461579 0.0005891518072573099
19.191506369186 19.191506369186 0.002451111150764976
18.6957784644303 18.6957784644303 0.00131430118954628
19.6113211452686 19.6113211452686 0.001363230322926297
20.579814220393 20.579814220393 0.002950301205336782
19.9233766778197 19.9233766778197 0.0023944734972066116
18.8393557826361 18.8393557826361 0.00025041547711787806
20.2419514835243 20.2419514835243 0.0004427547421158367
20.4016499162103 20.4016499162103 0.0012416584921309385
20.2500615993501 20.2500615993501 0.003006997844366534
19.753336456276 19.753336456276 0.000399143070370334
19.6770305665137 19.6770305665137 0.002678866182865282
19.0060252295861 19.0060252295861 0.00181696789572579
18.9137030692595 18.9137030692595 0.0007194541140285077
18.9115244608174 18.9115244608174 0.0010028874630785202
20.5109150220085 20.5109150220085 0.0015727398681629982
20.6425002721465 20.6425002721465 0.00035849340523129225
20.2573063476703 20.2573063476703 0.0019434539053510697
19.2821082467363 19.2821082467363 0.0007951549925899611
20.5765333167451 20.5765333167451 0.0004591047266810753
19.6138660455371 19.6138660455371 9.246196823391395e-05
19.228113483844 19.228113483844 0.001071299505655199
19.9170598961505 19.9170598961505 0.0008379655081921529
20.4768072705978 20.4768072705978 0.0026522627846746723
19.4825660148803 19.4825660148803 0.002395261594824018
19.6563626416371 19.6563626416371 0.0020334200488353973
19.6197407744704 19.6197407744704 0.002718942342698287
19.1212327784644 19.1212327784644 0.0011367552593518663
19.5860252036273 19.5860252036273 0.0030141254368319845
19.4101714375602 19.4101714375602 0.0029850709581093968
20.007852917553 20.007852917553 0.002016600197285427
19.6095614232847 19.6095614232847 0.002129259857652948
20.2392877179243 20.2392877179243 0.0010665885385607323
20.6240243619901 20.6240243619901 0.0019525106193672246
19.4025250330943 19.4025250330943 0.00113542342860194
20.6246158600136 20.6246158600136 0.00038912836866477604
18.8665882752001 18.8665882752001 0.0009100714343983992
19.6769090482901 19.6769090482901 0.0020813389022324557
19.9460295784627 19.9460295784627 0.000926286836122951
19.796480164356 19.796480164356 0.0016764561020425068
18.925664070148 18.925664070148 0.0005346844132573528
20.2372946431829 20.2372946431829 0.0016989285192062955
18.8879150353011 18.8879150353011 3.126867514293339e-05
19.4658437688919 19.4658437688919 0.0005718548667931996
19.5018735053176 19.5018735053176 4.9828963109509555e-05
20.4835494615989 20.4835494615989 0.0011978285760852806
20.1406677193973 20.1406677193973 0.0004673374132977466
19.2936035666385 19.2936035666385 0.002078286368382511
20.0990305999287 20.0990305999287 0.002581096993200728
19.7144121489827 19.7144121489827 0.0020241447233167883
20.0152336077588 20.0152336077588 0.0021730743886562522
20.5347441285306 20.5347441285306 0.0021628407600987097
19.0198127364477 19.0198127364477 0.0018753367074937327
20.1164461996078 20.1164461996078 0.0005908186259913286
19.3325162717165 19.3325162717165 0.0025736118002233272
19.7723800112312 19.7723800112312 0.0012493903762777474
19.832712057416 19.832712057416 0.0023295294460785945
19.9809891628866 19.9809891628866 0.0008482263364661928
20.5918007274193 20.5918007274193 0.0023288434925629515
20.7855676158627 20.7855676158627 0.0011753718469973559
19.164429819921 19.164429819921 0.00010913343787368059
19.707481899815 19.707481899815 0.00021891469699189767
18.75948471653 18.75948471653 0.0007488773917399014
19.6223186939074 19.6223186939074 4.806430488918065e-05
19.073668809354 19.073668809354 0.0008520585916625205
20.2723976566832 20.2723976566832 0.0013044763042194605
19.6895162787898 19.6895162787898 0.00019034578782272548
19.6095596372292 19.6095596372292 0.00010283416104015416
19.3070756248945 19.3070756248945 0.0012372032888225597
20.3344067095286 20.3344067095286 0.0021805481813632985
18.9785093219961 18.9785093219961 0.0010944496125182336
20.5860426703061 20.5860426703061 0.00033053698444889185
19.5345641534365 19.5345641534365 0.0012881120439476093
19.8086322366754 19.8086322366754 0.0020696648397855234
18.8798798373345 18.8798798373345 0.001506293548895905
18.8228560501507 18.8228560501507 0.00106815609296845
20.6658530921767 20.6658530921767 0.0010381214972477626
19.3954628835503 19.3954628835503 0.0011252373997334376
20.5767091211207 20.5767091211207 0.0016582014998402562
19.4593296905897 19.4593296905897 0.0010001615255223976
18.8280339776372 18.8280339776372 0.0015393474088183526
20.0639908966546 20.0639908966546 0.0004927025899808978
18.8845522282929 18.8845522282929 0.0016492003294148578
19.213863118563 19.213863118563 0.0010697792331469007
19.8174585891997 19.8174585891997 0.0017184507315907863
19.6119425820912 19.6119425820912 0.0016147483515176367
20.4958599191956 20.4958599191956 0.00029151605749313684
20.1566771194082 20.1566771194082 0.0013693343072354392
20.1875238607009 20.1875238607009 0.0001888118262409387
19.7852963425135 19.7852963425135 0.0012993747744338348
19.6593778596895 19.6593778596895 0.001251503878515843
19.0286696129477 19.0286696129477 0.00042378077958140785
18.9347990974614 18.9347990974614 0.0005567457381127981
19.2466582189146 19.2466582189146 0.0011254272837248106
19.5631235076375 19.5631235076375 0.0004359703959863078
18.8041423434201 18.8041423434201 0.0009502316089717525
18.8751446554985 18.8751446554985 0.0011520148332110527
20.2462117243431 20.2462117243431 0.00013839276495989966
19.1514254496911 19.1514254496911 0.0008525762708865112
19.9404437569841 19.9404437569841 0.0013609549737496243
20.7056262018492 20.7056262018492 0.0008022412627629663
18.8482988754915 18.8482988754915 0.00039541581185741727
19.7010307563003 19.7010307563003 0.00010284018822920005
19.2113406131995 19.2113406131995 0.0002629471770445389
20.096503206053 20.096503206053 0.0002866170296084979
19.379334306705 19.379334306705 0.0008796562478195968
19.6121638386732 19.6121638386732 0.0012088426641304294
19.1065276331997 19.1065276331997 0.0008342132348476792
20.3845634103764 20.3845634103764 0.0007714001023847059
18.8983800701493 18.8983800701493 0.0008543661602357709
19.4997180569544 19.4997180569544 8.788856370797873e-05
20.6451643816881 20.6451643816881 0.00023457786105886947
19.561461934571 19.561461934571 0.0009637850548587741
19.2257445891433 19.2257445891433 0.0001664590290060229
20.7721090983144 20.7721090983144 0.0004909340857340362
19.6954890488868 19.6954890488868 0.00084026444395107
20.63098930071 20.63098930071 0.0006991038338693197
19.4595402949003 19.4595402949003 0.0005863198357284971
19.937886602943 19.937886602943 0.00011661740665917125
19.3165368040123 19.3165368040123 0.00043817937361782534
19.4258452612184 19.4258452612184 0.00012233907253480993
20.7880098975896 20.7880098975896 0.00014219738321166118
20.7798678367449 20.7798678367449 0.000212879765700231
20.5612366130311 20.5612366130311 0.0006562257384515524
19.0972496756456 19.0972496756456 0.0007738388965967467
18.9365552969807 18.9365552969807 0.00038669720863528204
19.1198716386679 19.1198716386679 0.00014582190131209684
20.4009905353795 20.4009905353795 0.0007183573734010914
18.9817608540319 18.9817608540319 0.0002910131480980043
19.9437906885497 19.9437906885497 0.00010023059512412993
19.4979195340864 19.4979195340864 0.000456092824857173
19.2014266603923 19.2014266603923 0.00019046637564322592
20.0638484374524 20.0638484374524 0.00017371623368935173
19.5486947404318 19.5486947404318 0.0005937412987981627
19.5096730569817 19.5096730569817 0.0005844665678115038
19.5430269255519 19.5430269255519 2.391960101520655e-05
18.9732431030263 18.9732431030263 0.00015653256051319385
19.8912274523393 19.8912274523393 0.0007096821932484085
19.9261866722996 19.9261866722996 0.00040301233943044324
19.5006297745888 19.5006297745888 0.0005722025703866115
20.5751238311228 20.5751238311228 0.0006830731050351809
20.5583184848145 20.5583184848145 0.00042712252915400853
20.8574634872778 20.8574634872778 0.00034559213218350815
19.1379079493687 19.1379079493687 0.0007317528846719332
19.4853651599293 19.4853651599293 9.753275697881577e-05
19.4455377252906 19.4455377252906 0.0006862120254232649
18.9425448064099 18.9425448064099 9.67598734959758e-05
18.9599242308254 18.9599242308254 0.00016038189998514473
19.0498073197278 19.0498073197278 0.0003395372965421099
